15.3 1 0 2009-06-07 2
15.6 1 0 2009-06-07 2
11.1 1 0 2010-05-06 1
11.5 1 0 2010-05-06 1
8.6 0 0 2012-02-23 1
12.1 1 0 2012-02-23 1
12.3 1 0 2012-02-23 1
6.1 0 0 2012-02-25 2
6.2 0 0 2012-02-25 2
6.3 1 0 2012-02-25 2
6.5 1 0 2012-02-25 2
8.2 1 0 2012-02-25 2
8.5 0 0 2012-02-25 2
8.6 1 0 2012-02-25 2
10.3 0 0 2012-02-25 2
10.4 0 0 2012-02-25 2
10.5 0 0 2012-02-25 2
10.6 1 0 2012-02-25 2
12.1 0 0 2012-02-25 2
7.3 0 0 2012-02-27 2
7.4 1 0 2012-02-27 2
9.1 0 0 2012-02-27 2
9.2 1 0 2012-02-27 2
9.6 1 0 2012-02-27 2
11.1 0 2 2012-02-27 2
11.4 1 0 2012-02-27 2
11.6 1 0 2012-02-27 2
13.2 1 0 2012-02-27 2
13.6 1 0 2012-02-27 2
