13.1 1 0 2010-05-06 1
13.3 6 0 2010-05-06 1
13.4 0 0 2010-05-06 1
13.5 0 0 2010-05-06 1
13.6 1 0 2010-05-06 1
9.4 1 0 2012-02-23 1
9.6 0 0 2012-02-23 1
16.6 0 0 2012-02-23 1
5.6 1 0 2012-02-25 2
9.1 0 0 2012-02-25 2
9.2 0 0 2012-02-25 2
9.3 0 0 2012-02-25 2
9.4 0 0 2012-02-25 2
9.5 1 0 2012-02-25 2
10.1 0 0 2012-02-27 2
10.2 1 0 2012-02-27 2
10.6 1 0 2012-02-27 2
15.1 0 0 2012-02-27 2
15.2 1 0 2012-02-27 2
15.4 0 0 2012-02-27 2
15.5 2 0 2012-02-27 2
15.6 0 0 2012-02-27 2
18.4 4 0 2012-02-27 2
18.5 0 0 2012-02-27 2
18.6 0 0 2012-02-27 2
