12.2 4 0 2008-10-13 1
12.3 1 0 2008-10-13 1
12.5 0 0 2008-10-13 1
12.6 0 0 2008-10-13 1
15.3 1 0 2008-10-13 1
15.6 1 0 2008-10-13 1
19.1 0 0 2008-10-13 1
19.2 1 0 2008-10-13 1
8.2 2 0 2009-06-12 2
8.3 1 0 2009-06-12 2
8.5 1 0 2009-06-12 2
10.4 0 0 2009-06-12 2
10.5 1 0 2009-06-12 2
14.4 0 0 2009-06-12 2
14.5 0 0 2009-06-12 2
14.6 1 0 2009-06-12 2
10.1 0 2 2011-11-25 2
10.3 0 0 2011-11-25 2
10.4 0 0 2011-11-25 2
10.5 1 0 2011-11-25 2
12.1 1 0 2011-11-25 2
12.4 1 0 2011-11-25 2
12.6 1 0 2011-11-25 2
