11.2 1 0 2007-09-14 2
11.4 2 0 2007-09-14 2
11.5 0 0 2007-09-14 2
11.6 4 0 2007-09-14 2
13.1 1 0 2007-09-14 2
13.3 0 0 2007-09-14 2
13.4 1 0 2007-09-14 2
13.6 1 0 2007-09-14 2
15.2 1 0 2007-09-14 2
17.1 1 0 2007-09-14 2
17.3 0 1 2007-09-14 2
17.5 6 0 2007-09-14 2
17.6 4 0 2007-09-14 2
12.1 2 0 2007-09-24 2
12.2 1 0 2007-09-24 2
12.4 1 0 2007-09-24 2
14.1 2 0 2007-09-24 2
14.2 1 0 2007-09-24 2
14.4 0 0 2007-09-24 2
14.5 1 0 2007-09-24 2
16.1 0 1 2007-09-24 2
16.2 0 0 2007-09-24 2
16.3 6 0 2007-09-24 2
16.4 0 0 2007-09-24 2
16.5 0 0 2007-09-24 2
16.6 6 0 2007-09-24 2
16.7 6 0 2007-09-24 2
