5.2 1 0 2013-04-19 1
5.6 4 0 2013-04-19 1
7.1 1 0 2013-04-19 1
7.4 1 0 2013-04-19 1
7.6 0 0 2013-04-19 1
13.1 1 0 2013-04-19 1
13.3 0 0 2013-04-19 1
13.4 0 0 2013-04-19 1
13.5 4 0 2013-04-19 1
13.6 1 0 2013-04-19 1
15.1 0 1 2013-04-19 1
15.2 1 0 2013-04-19 1
15.5 0 0 2013-04-19 1
0.3 0 0 2013-04-20 1
0.4 0 0 2013-04-20 1
0.5 0 0 2013-04-20 1
0.6 6 0 2013-04-20 1
0.5 0 0 2013-11-23 1
0.6 4 0 2013-11-23 1
3.1 1 0 2013-11-23 1
3.4 4 1 2013-11-23 1
3.5 0 0 2013-11-23 1
3.6 0 0 2013-11-23 1
3.7 3 0 2013-11-23 1
