1.6 0 0 2009-11-13 2
4.1 0 0 2009-11-13 2
4.2 0 0 2009-11-13 2
4.3 4 0 2009-11-13 2
4.4 6 0 2009-11-13 2
4.5 0 0 2009-11-13 2
4.6 4 0 2009-11-13 2
1.1 4 0 2009-11-15 1
1.2 0 0 2009-11-15 1
1.3 1 0 2009-11-15 1
4.1 0 0 2009-11-15 1
4.2 4 0 2009-11-15 1
4.3 4 0 2009-11-15 1
4.4 1 0 2009-11-15 1
9.1 6 0 2009-11-15 1
9.2 6 0 2009-11-15 1
9.3 0 0 2009-11-15 1
9.4 1 0 2009-11-15 1
9.6 1 0 2009-11-15 1
1.1 0 0 2010-05-08 2
1.2 0 0 2010-05-08 2
1.3 0 0 2010-05-08 2
1.4 0 0 2010-05-08 2
1.5 1 0 2010-05-08 2
3.3 1 0 2010-05-08 2
5.3 1 0 2010-05-08 2
5.5 1 0 2010-05-08 2
