1.3 0 0 2005-10-21 1
1.4 2 0 2005-10-21 1
1.5 0 2 2005-10-21 1
1.6 4 0 2005-10-21 1
1.7 3 0 2005-10-21 1
3.1 1 0 2005-10-21 1
3.5 0 0 2005-10-21 1
3.6 0 1 2005-10-21 1
3.7 0 0 2005-10-21 1
5.1 0 0 2005-10-21 1
5.2 4 0 2005-10-21 1
5.3 0 0 2005-10-21 1
5.4 4 0 2005-10-21 1
5.5 1 0 2005-10-21 1
7.1 4 0 2005-10-21 1
7.2 1 0 2005-10-21 1
0.1 0 0 2007-11-23 2
0.2 0 0 2007-11-23 2
0.3 1 0 2007-11-23 2
2.5 0 0 2007-11-23 2
2.6 1 0 2007-11-23 2
4.6 0 0 2007-11-23 2
0.5 0 0 2009-06-09 1
0.6 1 0 2009-06-09 1
2.5 1 0 2009-06-09 1
