0.1 0 0 2006-01-09 2
0.2 4 0 2006-01-09 2
0.3 0 0 2006-01-09 2
0.4 0 0 2006-01-09 2
0.5 0 0 2006-01-09 2
0.6 0 0 2006-01-09 2
2.5 0 0 2006-01-09 2
2.6 1 0 2006-01-09 2
4.1 0 0 2006-01-09 2
4.2 1 0 2006-01-09 2
4.5 2 0 2006-01-09 2
4.6 0 0 2006-01-09 2
1.3 0 1 2006-02-24 1
1.4 2 0 2006-02-24 1
1.5 0 0 2006-02-24 1
1.6 1 0 2006-02-24 1
3.1 2 0 2006-02-24 1
3.2 0 1 2006-02-24 1
3.3 4 0 2006-02-24 1
3.4 0 0 2006-02-24 1
3.5 0 0 2006-02-24 1
3.6 4 0 2006-02-24 1
3.7 0 0 2006-02-24 1
14.2 1 0 2006-02-24 1
14.4 4 0 2006-02-24 1
14.5 1 0 2006-02-24 1
19.1 1 0 2006-02-24 1
19.4 4 0 2006-02-24 1
19.5 2 0 2006-02-24 1
19.6 4 0 2006-02-24 1
