10.2 0 0 2010-02-05 2
10.3 0 0 2010-02-05 2
10.4 1 0 2010-02-05 2
12.1 1 0 2010-02-05 2
15.1 2 0 2010-02-05 2
15.2 1 0 2010-02-05 2
15.6 2 0 2010-02-05 2
17.1 1 0 2010-02-05 2
17.5 1 0 2010-02-05 2
8.1 2 0 2010-05-02 2
8.2 0 1 2010-05-02 2
8.3 0 0 2010-05-02 2
11.2 4 0 2010-05-14 1
11.3 1 0 2010-05-14 1
11.5 1 0 2010-05-14 1
7.5 0 0 2010-07-05 1
7.6 1 0 2010-07-05 1
9.2 1 0 2010-07-05 1
9.4 6 0 2010-07-05 1
9.5 6 0 2010-07-05 1
9.6 0 0 2010-07-05 1
13.2 1 0 2010-07-05 1
13.6 4 0 2010-07-05 1
15.1 1 0 2010-07-05 1
15.3 1 0 2010-07-05 1
15.6 4 0 2010-07-05 1
