8.1 1 0 2013-11-13 1
8.3 0 0 2013-11-13 1
8.4 4 0 2013-11-13 1
8.5 0 0 2013-11-13 1
8.6 0 0 2013-11-13 1
10.1 1 0 2013-11-13 1
10.4 0 1 2013-11-13 1
10.5 0 0 2013-11-13 1
10.6 1 0 2013-11-13 1
16.1 1 0 2013-11-13 1
16.3 1 0 2013-11-13 1
16.5 1 0 2013-11-13 1
18.1 4 0 2013-11-13 1
18.2 4 0 2013-11-13 1
18.3 2 0 2013-11-13 1
18.4 0 0 2013-11-13 1
18.5 1 0 2013-11-13 1
15.1 0 0 2013-11-22 1
15.2 1 0 2013-11-22 1
15.4 0 1 2013-11-22 1
15.5 6 0 2013-11-22 1
15.6 4 0 2013-11-22 1
15.7 1 0 2013-11-22 1
18.1 4 0 2013-11-22 1
18.2 1 0 2013-11-22 1
18.4 1 1 2013-11-22 1
18.6 1 0 2013-11-22 1
