13.2 2 0 2010-02-05 2
13.3 2 0 2010-02-05 2
13.4 0 0 2010-02-05 2
13.5 1 0 2010-02-05 2
19.1 0 0 2010-02-05 2
5.1 0 0 2010-05-02 2
5.2 2 0 2010-05-02 2
5.3 6 0 2010-05-02 2
5.4 1 0 2010-05-02 2
14.3 0 0 2012-09-07 1
14.4 1 0 2012-09-07 1
16.3 2 0 2012-09-07 1
16.4 1 0 2012-09-07 1
5.1 0 0 2012-09-10 2
17.1 2 0 2012-10-02 1
17.2 1 0 2012-10-02 1
4.3 2 0 2014-03-23 1
4.4 2 0 2014-03-23 1
4.5 0 0 2014-03-23 1
4.6 0 0 2014-03-23 1
6.4 0 0 2014-03-23 1
6.5 4 0 2014-03-23 1
6.6 1 0 2014-03-23 1
9.1 1 0 2014-03-23 1
9.3 1 0 2014-03-23 1
9.5 6 0 2014-03-23 1
9.6 1 0 2014-03-23 1
16.5 1 0 2014-03-23 1
