8.3 0 0 2010-02-19 1
6.3 2 0 2010-02-20 2
6.4 0 0 2010-02-20 2
6.5 0 0 2010-02-20 2
6.6 1 0 2010-02-20 2
8.1 0 0 2010-02-20 2
8.2 0 0 2010-02-20 2
8.3 0 0 2010-02-20 2
8.4 0 0 2010-02-20 2
8.5 0 0 2010-02-20 2
8.6 0 1 2010-02-20 2
10.2 1 0 2010-02-20 2
10.4 1 0 2010-02-20 2
12.2 1 0 2010-02-20 2
12.4 0 0 2010-02-20 2
12.5 2 0 2010-02-20 2
12.6 0 0 2010-02-20 2
9.3 0 0 2010-05-06 1
9.4 0 0 2010-05-06 1
9.5 4 0 2010-05-06 1
9.6 1 0 2010-05-06 1
11.2 2 0 2010-05-06 1
11.3 2 0 2010-05-06 1
11.4 1 0 2010-05-06 1
11.6 1 0 2010-05-06 1
15.1 1 0 2010-05-06 1
15.5 6 0 2010-05-06 1
15.6 2 0 2010-05-06 1
8.6 0 0 2010-09-05 1
10.4 1 0 2010-09-05 1
12.5 0 0 2010-09-05 1
12.6 1 0 2010-09-05 1
8.4 6 0 2010-09-07 1
8.5 1 0 2010-09-07 1
10.2 6 0 2010-09-07 1
10.3 0 0 2010-09-07 1
10.2 0 0 2012-02-23 1
10.3 0 0 2012-02-23 1
10.4 0 0 2012-02-23 1
13.1 1 0 2012-02-27 2
13.3 0 0 2012-02-27 2
13.4 2 0 2012-02-27 2
13.5 1 0 2012-02-27 2
