9.3 0 0 2010-02-05 2
9.4 2 0 2010-02-05 2
9.5 0 0 2010-02-05 2
9.6 0 0 2010-02-05 2
4.1 1 0 2010-05-02 2
4.3 1 0 2010-05-02 2
4.6 1 0 2010-05-02 2
9.7 1 0 2010-05-14 1
17.1 6 0 2010-05-14 1
17.2 0 4 2010-05-14 1
17.3 6 0 2010-05-14 1
17.4 1 0 2010-05-14 1
17.6 6 0 2010-05-14 1
12.1 0 0 2010-07-05 1
12.2 1 0 2010-07-05 1
12.5 4 0 2010-07-05 1
12.6 2 0 2010-07-05 1
14.2 6 0 2010-07-05 1
14.3 4 0 2010-07-05 1
14.4 2 0 2010-07-05 1
14.5 0 0 2010-07-05 1
14.6 1 0 2010-07-05 1
9.7 0 0 2010-07-06 1
11.1 0 0 2010-07-06 1
11.2 0 0 2010-07-06 1
11.3 0 0 2010-07-06 1
11.4 2 0 2010-07-06 1
11.5 0 0 2010-07-06 1
11.6 4 0 2010-07-06 1
14.1 4 0 2010-07-06 1
14.2 0 0 2010-07-06 1
14.3 0 0 2010-07-06 1
14.4 4 0 2010-07-06 1
14.5 1 0 2010-07-06 1
