10.1 1 0 2009-11-13 1
10.3 1 0 2009-11-13 1
10.6 0 0 2009-11-13 1
12.2 0 0 2009-11-13 1
12.3 0 0 2009-11-13 1
12.4 1 0 2009-11-13 1
12.6 4 0 2009-11-13 1
16.2 1 0 2009-11-13 1
16.5 0 0 2009-11-13 1
16.6 1 0 2009-11-13 1
9.2 0 0 2010-12-28 2
9.3 2 0 2010-12-28 2
9.4 0 0 2010-12-28 2
9.5 1 0 2010-12-28 2
11.3 0 0 2010-12-28 2
11.4 1 0 2010-12-28 2
13.3 0 0 2010-12-28 2
13.4 1 0 2010-12-28 2
15.1 1 0 2010-12-28 2
15.5 0 0 2010-12-28 2
15.6 0 0 2010-12-28 2
13.3 4 0 2010-12-30 1
13.4 1 0 2010-12-30 1
13.6 1 0 2010-12-30 1
15.3 1 0 2010-12-30 1
15.5 1 0 2010-12-30 1
16.2 1 0 2014-12-04 2
16.6 2 0 2014-12-04 2
13.2 0 0 2014-12-05 2
13.3 0 0 2014-12-05 2
13.4 0 0 2014-12-05 2
13.5 1 0 2014-12-05 2
