5.1 0 0 2010-02-19 1
5.2 0 0 2010-02-19 1
5.3 2 0 2010-02-19 1
5.4 0 1 2010-02-19 1
5.5 0 0 2010-02-19 1
5.6 1 0 2010-02-19 1
3.1 0 0 2010-02-20 2
3.2 0 0 2010-02-20 2
3.3 1 0 2010-02-20 2
5.3 0 0 2010-02-20 2
5.4 2 0 2010-02-20 2
5.5 0 0 2010-02-20 2
5.6 0 0 2010-02-20 2
13.2 1 1 2010-05-06 1
13.7 1 0 2010-05-06 1
17.5 2 0 2010-09-05 1
17.6 1 0 2010-09-05 1
19.1 2 0 2010-09-05 1
19.2 1 0 2010-09-05 1
19.4 1 0 2010-09-05 1
19.6 2 0 2010-09-05 1
4.1 1 0 2010-09-07 1
6.4 1 0 2010-09-07 1
6.6 0 0 2010-09-07 1
15.3 1 0 2012-02-27 2
18.1 0 0 2012-02-27 2
18.2 0 0 2012-02-27 2
18.3 0 0 2012-02-27 2
