7.1 1 0 2007-09-17 1
7.6 2 0 2007-09-17 1
7.7 1 0 2007-09-17 1
14.1 1 0 2007-09-17 1
14.5 4 0 2007-09-17 1
14.6 1 0 2007-09-17 1
16.2 1 0 2007-09-17 1
16.4 0 0 2007-09-17 1
5.1 0 1 2009-06-12 2
5.2 0 0 2009-06-12 2
10.1 1 0 2009-06-21 2
10.3 1 0 2009-06-21 2
15.2 0 0 2009-06-21 2
15.3 1 0 2009-06-21 2
18.2 4 0 2009-06-21 2
18.3 1 0 2009-06-21 2
3.5 0 0 2009-08-12 1
19.3 2 0 2011-11-25 2
13.1 4 0 2015-07-30 1
13.2 1 0 2015-07-30 1
13.7 1 0 2015-07-30 1
16.1 0 0 2015-07-30 1
16.2 1 0 2015-07-30 1
18.1 2 0 2015-07-30 1
18.2 1 0 2015-07-30 1
