0.4 0 0 2009-06-12 2
0.5 1 0 2009-06-12 2
2.2 0 0 2009-06-12 2
2.3 0 0 2009-06-12 2
2.4 0 0 2009-06-12 2
2.5 0 0 2009-06-12 2
2.6 2 0 2009-06-12 2
4.1 0 0 2009-06-12 2
4.2 4 0 2009-06-12 2
4.3 4 0 2009-06-12 2
4.4 4 0 2009-06-12 2
4.5 2 0 2009-06-12 2
4.6 1 0 2009-06-12 2
5.1 0 0 2012-06-01 2
5.2 0 0 2012-06-01 2
5.3 0 0 2012-06-01 2
5.4 0 0 2012-06-01 2
5.5 0 0 2012-06-01 2
5.6 2 0 2012-06-01 2
7.1 0 0 2012-06-01 2
7.2 0 0 2012-06-01 2
7.3 1 0 2012-06-01 2
9.1 0 0 2012-06-01 2
9.2 0 0 2012-06-01 2
9.5 0 0 2012-10-04 2
9.6 1 0 2012-10-04 2
14.1 1 0 2015-07-30 1
14.5 1 0 2015-07-30 1
14.7 4 0 2015-07-30 1
