7.1 1 0 2009-06-07 2
7.6 1 0 2009-06-07 2
9.1 1 0 2009-06-07 2
9.4 0 0 2009-06-07 2
9.5 1 0 2009-06-07 2
11.1 1 0 2009-06-07 2
11.3 1 0 2009-06-07 2
11.6 1 0 2009-06-07 2
8.1 0 0 2010-02-19 1
8.2 1 0 2010-02-19 1
8.6 2 0 2010-02-19 1
10.1 4 0 2010-02-19 1
10.2 1 0 2010-02-19 1
10.4 2 0 2010-02-19 1
10.5 1 0 2010-02-19 1
14.2 0 0 2010-02-19 1
6.1 0 1 2010-02-20 2
10.5 0 0 2012-02-23 1
10.6 0 0 2012-02-23 1
12.2 1 0 2012-02-23 1
12.4 0 0 2012-02-23 1
12.5 0 0 2012-02-23 1
12.6 1 0 2012-02-23 1
6.4 1 0 2012-02-25 2
6.6 1 0 2012-02-25 2
8.1 1 0 2012-02-25 2
8.3 2 0 2012-02-25 2
8.4 0 0 2012-02-25 2
