1.4 0 0 2012-09-29 1
1.5 0 1 2012-09-29 1
1.6 0 0 2012-09-29 1
1.7 1 0 2012-09-29 1
3.3 0 0 2012-09-29 1
3.4 0 0 2012-09-29 1
4.2 1 0 2013-02-09 2
4.4 4 0 2013-02-09 2
4.5 0 1 2013-02-09 2
4.6 0 0 2013-02-09 2
9.1 1 0 2013-02-12 1
9.5 0 0 2013-02-12 1
9.6 0 0 2013-02-12 1
16.3 1 0 2013-02-12 1
16.5 2 0 2013-02-12 1
16.6 0 0 2013-02-12 1
4.3 0 0 2013-02-15 1
4.4 0 0 2013-02-15 1
4.5 0 0 2013-02-15 1
4.6 1 0 2013-02-15 1
1.2 4 0 2015-06-23 2
1.3 0 0 2015-06-23 2
1.4 6 0 2015-06-23 2
1.5 1 0 2015-06-23 2
