0.5 0 0 2008-06-13 1
0.6 0 0 2008-06-13 1
3.1 0 1 2010-05-10 1
5.1 1 0 2010-05-10 1
5.4 0 1 2010-05-10 1
5.5 0 0 2010-05-10 1
5.6 4 0 2010-05-10 1
5.7 0 0 2010-05-10 1
3.4 4 0 2013-02-09 2
3.5 1 0 2013-02-09 2
13.2 0 0 2013-02-12 1
13.3 0 0 2013-02-12 1
13.4 4 0 2013-02-12 1
13.5 4 0 2013-02-12 1
13.6 4 0 2013-02-12 1
18.1 1 0 2013-02-12 1
18.3 6 0 2013-02-12 1
18.4 6 0 2013-02-12 1
18.5 2 0 2013-02-12 1
18.6 6 0 2013-02-12 1
3.6 0 0 2013-02-15 1
4.1 0 0 2014-03-22 2
4.2 0 0 2014-03-22 2
4.3 6 0 2014-03-22 2
4.4 4 0 2014-03-22 2
4.5 0 0 2014-03-22 2
4.6 6 0 2014-03-22 2
