1.6 0 0 2010-05-04 2
3.4 1 0 2010-05-04 2
5.1 0 3 2010-05-04 2
5.2 0 0 2010-05-04 2
5.3 3 0 2010-05-04 2
5.5 0 0 2010-05-04 2
5.6 0 0 2010-05-04 2
5.7 0 0 2010-05-04 2
7.1 0 1 2010-05-04 2
7.2 0 0 2010-05-04 2
7.3 0 0 2010-05-04 2
7.4 0 0 2010-05-04 2
7.5 1 0 2010-05-04 2
1.1 0 0 2011-10-15 2
1.2 1 0 2011-10-15 2
1.4 0 0 2011-10-15 2
1.5 1 0 2011-10-15 2
3.2 0 1 2011-10-15 2
3.6 4 0 2011-10-15 2
5.3 0 0 2011-10-15 2
5.4 0 0 2011-10-15 2
5.5 0 0 2011-10-15 2
5.6 1 0 2011-10-15 2
13.3 6 0 2011-10-15 2
4.1 1 0 2011-10-17 1
4.5 3 0 2011-10-17 1
7.4 4 0 2011-10-17 1
7.5 1 0 2011-10-17 1
10.1 2 0 2011-10-17 1
10.2 6 0 2011-10-17 1
10.3 1 0 2011-10-17 1
10.5 4 0 2011-10-17 1
10.6 1 0 2011-10-17 1
12.1 1 0 2012-02-14 2
12.3 1 0 2012-02-14 2
12.6 0 1 2012-02-14 2
15.1 1 0 2012-02-14 2
15.5 4 0 2012-02-14 2
15.6 0 1 2012-02-14 2
