0.1 0 0 2010-05-04 2
0.2 4 0 2010-05-04 2
0.3 1 0 2010-05-04 2
0.5 0 0 2010-05-04 2
0.6 0 0 2010-05-04 2
2.6 0 0 2010-05-04 2
4.1 4 0 2010-05-04 2
4.2 0 0 2010-05-04 2
4.3 3 0 2010-05-04 2
4.5 0 0 2010-05-04 2
4.6 1 0 2010-05-04 2
6.2 1 0 2010-05-04 2
6.4 1 0 2010-05-04 2
6.6 1 0 2010-05-04 2
7.2 1 0 2011-10-15 2
7.5 0 0 2011-10-15 2
7.6 1 0 2011-10-15 2
9.4 0 0 2011-10-15 2
9.5 0 0 2011-10-15 2
9.6 1 0 2011-10-15 2
6.1 0 0 2011-10-17 1
6.2 0 0 2011-10-17 1
6.3 2 0 2011-10-17 1
6.4 6 0 2011-10-17 1
6.5 1 0 2011-10-17 1
8.3 1 0 2011-10-17 1
8.5 6 1 2011-10-17 1
8.6 0 0 2011-10-17 1
8.7 6 0 2011-10-17 1
13.1 2 0 2012-02-14 2
13.2 4 0 2012-02-14 2
13.3 4 0 2012-02-14 2
13.4 1 0 2012-02-14 2
17.1 1 0 2012-02-14 2
17.6 2 0 2012-02-14 2
17.7 1 0 2012-02-14 2
