0.1 4 0 2009-06-13 1
0.2 2 0 2009-06-13 1
0.3 1 0 2009-06-13 1
0.6 4 0 2009-06-13 1
0.1 0 0 2009-11-12 2
0.2 0 0 2009-11-12 2
0.3 4 0 2009-11-12 2
0.4 4 0 2009-11-12 2
0.5 5 0 2009-11-12 2
2.1 0 0 2009-11-12 2
2.2 0 0 2009-11-12 2
2.3 4 0 2009-11-12 2
2.4 0 0 2009-11-12 2
2.5 0 0 2009-11-12 2
2.6 0 0 2009-11-12 2
0.1 0 0 2009-11-13 2
0.2 4 0 2009-11-13 2
0.3 0 0 2009-11-13 2
0.4 1 0 2009-11-13 2
2.2 0 0 2009-11-13 2
2.3 1 0 2009-11-13 2
2.5 0 1 2009-11-13 2
4.1 1 0 2009-11-13 2
4.6 0 0 2009-11-13 2
17.4 1 0 2009-11-13 2
17.6 4 0 2009-11-13 2
0.1 0 1 2010-05-08 1
0.2 0 0 2010-05-08 1
0.3 0 0 2010-05-08 1
0.4 0 0 2010-05-08 1
0.5 1 0 2010-05-08 1
2.1 0 0 2010-05-08 1
2.2 1 0 2010-05-08 1
2.5 1 0 2010-05-08 1
