3.1 0 0 2012-10-01 2
3.2 0 0 2012-10-01 2
3.3 4 0 2012-10-01 2
3.4 1 0 2012-10-01 2
7.2 0 0 2012-10-01 2
4.1 1 0 2014-01-11 1
4.4 0 0 2014-01-11 1
4.5 0 0 2014-01-11 1
4.6 4 0 2014-01-11 1
7.1 1 0 2014-01-11 1
7.4 0 0 2014-01-11 1
7.5 0 0 2014-01-11 1
7.6 1 0 2014-01-11 1
2.2 0 0 2014-07-05 2
2.3 0 0 2014-07-05 2
2.4 1 0 2014-07-05 2
5.1 0 0 2014-07-05 2
5.2 1 0 2014-07-05 2
5.4 1 0 2014-07-05 2
5.6 1 0 2014-07-05 2
2.1 1 0 2014-07-06 2
2.5 1 0 2014-07-06 2
5.1 0 0 2014-07-06 2
5.2 0 0 2014-07-06 2
