6.1 0 0 2009-06-09 2
6.2 1 0 2009-06-09 2
6.6 1 0 2009-06-09 2
8.3 1 0 2009-06-09 2
8.5 1 0 2009-06-09 2
15.2 4 0 2009-06-09 2
15.3 1 0 2009-06-09 2
8.2 1 0 2012-02-17 2
8.6 2 0 2012-02-17 2
10.2 0 0 2012-02-17 2
10.3 1 0 2012-02-17 2
10.5 0 0 2012-02-17 2
10.6 1 0 2012-02-17 2
6.1 0 0 2012-02-19 1
6.2 1 0 2012-02-19 1
6.5 2 0 2012-02-19 1
6.6 0 0 2012-02-19 1
14.1 1 0 2012-02-19 1
14.3 4 0 2012-02-19 1
14.4 0 0 2012-02-19 1
8.1 0 0 2012-02-22 2
8.2 0 5 2012-02-22 2
8.3 0 0 2012-02-22 2
8.4 1 0 2012-02-22 2
8.7 0 0 2012-02-22 2
