6.1 0 1 2007-09-22 1
6.2 1 0 2007-09-22 1
6.4 2 0 2007-09-22 1
6.5 0 0 2007-09-22 1
6.6 0 0 2007-09-22 1
6.7 0 0 2007-09-22 1
8.2 1 0 2007-09-22 1
8.6 1 0 2007-09-22 1
10.1 1 0 2007-09-22 1
10.3 0 0 2007-09-22 1
10.5 1 0 2009-11-13 2
12.4 1 0 2009-11-13 2
12.6 4 0 2009-11-13 2
14.1 1 0 2009-11-13 2
14.3 2 0 2009-11-13 2
14.4 1 0 2009-11-13 2
6.5 1 0 2012-09-23 2
8.1 0 1 2012-09-23 2
8.2 0 0 2012-09-23 2
8.3 1 0 2012-09-23 2
8.5 0 0 2012-09-23 2
8.6 4 0 2012-09-23 2
8.7 0 0 2012-09-23 2
10.1 1 0 2012-09-23 2
10.3 1 0 2012-09-23 2
12.2 1 0 2012-09-23 2
12.5 0 0 2012-09-23 2
12.6 0 1 2012-09-23 2
12.7 1 0 2012-09-23 2
