0.4 0 0 2009-02-25 2
0.5 0 1 2009-02-25 2
0.6 0 0 2009-02-25 2
0.7 0 0 2009-02-25 2
4.3 2 0 2009-02-25 2
4.4 1 0 2009-02-25 2
13.5 0 0 2009-02-25 2
13.6 0 0 2009-02-25 2
4.3 1 0 2009-02-27 2
14.1 0 0 2009-02-27 2
14.2 4 0 2009-02-27 2
14.3 0 1 2009-02-27 2
14.4 0 2 2009-02-27 2
14.5 0 1 2009-02-27 2
14.7 1 0 2009-02-27 2
16.3 1 0 2009-02-27 2
2.1 0 0 2012-09-11 1
2.2 0 1 2012-09-11 1
2.3 0 0 2012-09-11 1
2.4 1 0 2012-09-11 1
2.7 0 0 2012-09-11 1
4.1 4 0 2012-09-11 1
4.2 1 0 2012-09-11 1
4.4 2 0 2012-09-11 1
4.5 4 0 2012-09-11 1
4.6 1 0 2012-09-11 1
