6.1 1 0 2008-06-13 1
8.2 1 0 2008-06-13 1
10.1 0 0 2008-06-13 1
10.2 6 0 2008-06-13 1
10.3 1 0 2008-06-13 1
10.5 0 0 2008-06-13 1
8.3 0 0 2013-02-12 1
8.4 0 0 2013-02-12 1
8.5 0 0 2013-02-12 1
8.6 0 1 2013-02-12 1
12.1 1 0 2013-02-12 1
12.3 1 0 2013-02-12 1
12.5 1 0 2013-02-12 1
14.2 1 0 2013-02-12 1
14.6 4 0 2013-02-12 1
6.2 4 0 2013-02-15 1
6.3 1 0 2013-02-15 1
6.5 1 0 2013-02-15 1
8.2 0 0 2013-02-15 1
8.3 4 0 2013-02-15 1
8.4 2 0 2013-02-15 1
8.5 2 0 2013-02-15 1
8.6 1 0 2013-02-15 1
11.6 1 0 2013-06-25 1
13.1 0 1 2013-06-25 1
13.5 1 0 2013-06-25 1
15.3 1 0 2013-06-25 1
15.5 0 0 2013-06-25 1
