7.3 0 0 2007-09-16 1
7.4 1 0 2007-09-16 1
9.1 1 0 2007-09-16 1
9.4 2 0 2007-09-16 1
9.5 0 0 2007-09-16 1
9.6 4 0 2007-09-16 1
5.1 4 0 2009-02-25 2
5.2 1 0 2009-02-25 2
10.1 0 0 2009-02-25 2
10.2 1 0 2009-02-25 2
10.6 1 0 2009-02-25 2
15.1 0 0 2009-02-25 2
15.2 0 0 2009-02-25 2
15.3 4 0 2009-02-25 2
15.4 0 0 2009-02-25 2
15.5 1 0 2009-02-25 2
0.6 0 0 2009-02-27 2
2.1 0 0 2009-02-27 2
2.2 0 1 2009-02-27 2
2.3 6 0 2009-02-27 2
2.4 2 0 2009-02-27 2
2.5 4 0 2009-02-27 2
2.6 1 0 2009-02-27 2
17.6 0 0 2009-02-27 2
17.7 1 0 2009-02-27 2
19.2 1 0 2009-02-27 2
19.4 4 0 2009-02-27 2
19.5 4 0 2009-02-27 2
19.6 1 0 2009-02-27 2
3.3 1 0 2012-09-11 1
12.1 4 0 2012-09-11 1
12.2 1 0 2012-09-11 1
12.4 1 0 2012-09-11 1
12.6 1 0 2012-09-11 1
16.3 4 0 2012-09-11 1
16.4 0 0 2012-09-11 1
