0.1 0 0 2009-09-02 1
0.2 1 0 2009-09-02 1
0.4 0 0 2009-09-02 1
0.5 2 0 2009-09-02 1
0.6 0 0 2009-09-02 1
0.1 3 0 2009-09-04 1
2.1 0 0 2009-09-04 1
2.2 0 0 2009-09-04 1
2.3 0 0 2009-09-04 1
2.4 4 0 2009-09-04 1
2.5 0 0 2009-09-04 1
2.6 4 0 2009-09-04 1
4.1 0 0 2009-09-04 1
4.2 2 0 2009-09-04 1
4.3 0 0 2009-09-04 1
4.4 0 0 2009-09-04 1
4.5 4 0 2009-09-04 1
4.6 0 0 2009-09-04 1
1.2 2 0 2010-05-22 1
1.3 0 0 2010-05-22 1
1.4 0 0 2010-05-22 1
1.5 0 0 2010-05-22 1
1.6 0 0 2010-05-22 1
3.1 4 0 2010-05-22 1
3.2 6 0 2010-05-22 1
3.3 0 0 2010-05-22 1
1.4 0 0 2010-05-23 1
1.5 0 0 2010-05-23 1
1.6 0 1 2012-10-30 1
3.1 0 1 2012-10-30 1
3.2 0 1 2012-10-30 1
3.6 0 0 2012-10-30 1
3.7 0 0 2012-10-30 1
