6.1 0 0 2007-09-19 1
6.2 2 0 2007-09-19 1
6.3 0 0 2007-09-19 1
6.4 4 0 2007-09-19 1
6.5 1 0 2007-09-19 1
8.2 0 0 2007-09-19 1
9.2 0 0 2012-02-17 2
9.3 2 0 2012-02-17 2
9.4 1 0 2012-02-17 2
9.7 0 0 2012-02-17 2
9.2 0 0 2012-02-19 1
9.3 1 0 2012-02-19 1
13.2 0 0 2012-02-19 1
13.3 0 0 2012-02-19 1
13.4 6 0 2012-02-19 1
13.5 1 0 2012-02-19 1
7.1 0 0 2012-02-22 2
7.2 0 0 2012-02-22 2
7.3 4 0 2012-02-22 2
7.4 1 0 2012-02-22 2
15.3 0 0 2012-12-23 2
15.4 4 0 2012-12-23 2
15.5 0 0 2012-12-23 2
15.6 4 0 2012-12-23 2
2.1 0 0 2012-12-26 2
2.2 2 0 2012-12-26 2
2.3 0 0 2012-12-26 2
2.4 4 0 2012-12-26 2
2.5 0 0 2012-12-26 2
2.6 0 0 2012-12-26 2
