5.1 0 1 2012-10-01 2
5.3 4 0 2012-10-01 2
5.4 0 0 2012-10-01 2
5.5 2 0 2012-10-01 2
5.6 1 0 2012-10-01 2
5.4 0 0 2014-01-11 1
5.5 1 0 2014-01-11 1
11.1 0 0 2014-01-11 1
11.2 1 0 2014-01-11 1
11.7 0 0 2014-01-11 1
15.1 1 0 2014-01-11 1
15.4 1 0 2014-01-11 1
15.6 1 0 2014-01-11 1
5.1 0 0 2014-01-15 2
5.2 0 0 2014-01-15 2
3.1 0 1 2014-07-05 2
3.2 0 0 2014-07-05 2
3.3 0 0 2014-07-05 2
3.4 1 0 2014-07-05 2
3.7 1 0 2014-07-05 2
7.1 1 0 2014-07-05 2
7.3 2 0 2014-07-05 2
7.4 4 0 2014-07-05 2
7.5 1 0 2014-07-05 2
11.1 1 0 2014-07-05 2
11.3 2 0 2014-07-05 2
11.4 0 0 2014-07-05 2
11.5 0 0 2014-07-05 2
11.6 1 0 2014-07-05 2
4.1 0 0 2014-07-06 2
4.2 0 0 2014-07-06 2
4.3 1 0 2014-07-06 2
