2.1 6 0 2011-10-15 2
2.2 1 0 2011-10-15 2
2.5 4 0 2011-10-15 2
2.6 0 0 2011-10-15 2
10.1 0 0 2011-10-15 2
10.2 0 1 2011-10-15 2
10.3 2 0 2011-10-15 2
10.4 4 0 2011-10-15 2
10.5 0 0 2011-10-15 2
10.6 2 0 2011-10-15 2
10.7 6 0 2011-10-15 2
1.1 0 1 2011-10-17 1
1.4 0 0 2011-10-17 1
1.5 6 0 2011-10-17 1
1.6 1 0 2011-10-17 1
3.1 1 0 2011-10-17 1
3.6 0 0 2011-10-17 1
3.7 0 1 2011-10-17 1
11.1 0 0 2011-10-17 1
1.4 0 1 2012-02-11 2
1.5 0 0 2012-02-11 2
11.2 0 0 2012-02-14 2
11.3 4 0 2012-02-14 2
11.4 0 0 2012-02-14 2
11.5 1 0 2012-02-14 2
18.1 6 0 2012-02-14 2
18.2 0 0 2012-02-14 2
