6.1 1 0 2007-09-02 2
6.4 0 0 2007-09-02 2
6.5 1 0 2007-09-02 2
8.3 1 0 2007-09-02 2
8.5 2 0 2007-09-02 2
8.6 0 0 2007-09-02 2
10.1 0 0 2007-09-02 2
10.2 0 1 2007-09-02 2
10.4 1 0 2007-09-02 2
12.2 0 0 2007-09-02 2
12.3 1 0 2007-09-02 2
12.6 6 0 2007-09-02 2
7.1 1 0 2008-04-20 2
7.4 1 0 2008-04-20 2
7.6 0 0 2008-04-20 2
9.2 1 0 2008-04-20 2
9.4 1 0 2008-04-20 2
9.6 1 0 2008-04-20 2
11.1 0 0 2008-04-20 2
11.2 2 0 2008-04-20 2
11.3 0 1 2008-04-20 2
11.5 0 0 2008-04-20 2
11.6 0 0 2008-04-20 2
13.1 1 0 2008-04-20 2
13.4 0 0 2008-04-20 2
13.5 0 0 2008-04-20 2
