9.1 1 0 2014-03-18 1
9.4 1 0 2014-03-18 1
11.1 2 0 2014-03-18 1
11.2 1 0 2014-03-18 1
13.1 1 0 2014-03-18 1
13.4 0 0 2014-03-18 1
13.5 0 0 2014-03-18 1
13.6 1 0 2014-03-18 1
15.1 1 0 2014-03-18 1
15.4 0 0 2014-03-18 1
15.5 0 0 2014-03-18 1
15.6 0 1 2014-03-18 1
15.7 0 0 2014-03-18 1
15.1 2 0 2015-07-21 2
15.2 4 0 2015-07-21 2
15.3 1 0 2015-07-21 2
15.5 0 0 2015-07-21 2
15.6 4 0 2015-07-21 2
17.2 2 0 2015-07-21 2
17.3 1 0 2015-07-21 2
17.5 6 0 2015-07-21 2
17.6 0 1 2015-07-21 2
19.1 0 0 2015-07-21 2
