7.1 0 0 2014-01-11 2
7.2 0 0 2014-01-11 2
7.3 2 0 2014-01-11 2
7.4 1 0 2014-01-11 2
9.2 0 0 2014-01-11 2
9.3 1 0 2014-01-11 2
9.6 1 0 2014-01-11 2
6.1 0 0 2014-01-15 1
6.2 4 0 2014-01-15 1
6.3 0 0 2014-01-15 1
6.4 2 0 2014-01-15 1
6.5 6 0 2014-01-15 1
6.6 0 0 2014-01-15 1
12.1 0 0 2014-01-15 1
12.2 4 0 2014-01-15 1
12.3 4 0 2014-01-15 1
12.4 1 0 2014-01-15 1
12.6 0 0 2014-01-15 1
15.1 1 0 2014-01-15 1
7.1 0 0 2014-07-05 1
7.2 1 0 2014-07-05 1
7.4 0 1 2014-07-05 1
7.5 2 0 2014-07-05 1
7.6 1 0 2014-07-05 1
9.2 1 0 2014-07-05 1
9.4 1 0 2014-07-05 1
12.2 6 0 2014-07-05 1
12.3 6 0 2014-07-05 1
12.4 2 0 2014-07-05 1
12.5 1 0 2014-07-05 1
7.1 1 0 2014-07-06 1
7.3 4 0 2014-07-06 1
7.4 2 0 2014-07-06 1
7.5 1 0 2014-07-06 1
9.1 1 0 2014-07-06 1
15.1 3 0 2014-07-06 1
15.6 1 0 2014-07-06 1
17.3 6 0 2014-07-06 1
17.4 1 0 2014-07-06 1
