4.8 1 0 2014-01-11 2
4.3 0 0 2014-01-15 1
4.4 0 0 2014-01-15 1
4.5 0 0 2014-01-15 1
4.6 0 0 2014-01-15 1
8.1 1 0 2014-01-15 1
17.3 2 0 2014-01-15 1
17.4 1 0 2014-01-15 1
4.1 1 0 2014-07-05 1
4.4 0 1 2014-07-05 1
4.6 0 0 2014-07-05 1
6.3 0 0 2014-07-05 1
6.4 1 0 2014-07-05 1
13.1 1 0 2014-07-05 1
13.4 1 0 2014-07-05 1
13.7 1 0 2014-07-05 1
4.1 4 0 2014-07-06 1
4.2 0 0 2014-07-06 1
4.3 6 0 2014-07-06 1
4.4 0 0 2014-07-06 1
4.5 0 0 2014-07-06 1
4.6 1 0 2014-07-06 1
6.4 1 0 2014-07-06 1
8.2 0 0 2014-07-06 1
8.3 2 0 2014-07-06 1
8.4 1 0 2014-07-06 1
16.1 1 0 2014-07-06 1
16.3 0 0 2014-07-06 1
16.4 0 0 2014-07-06 1
16.5 1 0 2014-07-06 1
