7.4 2 0 2008-10-11 1
7.5 1 0 2008-10-11 1
9.3 1 0 2008-10-11 1
9.5 0 0 2008-10-11 1
9.6 0 0 2008-10-11 1
11.2 1 0 2008-10-11 1
11.4 1 0 2008-10-11 1
13.2 0 0 2008-10-11 1
13.3 2 0 2008-10-11 1
13.4 4 0 2008-10-11 1
13.5 0 0 2008-10-11 1
13.6 0 0 2008-10-11 1
12.2 1 0 2008-10-13 2
12.4 0 0 2008-10-13 2
12.5 1 0 2008-10-13 2
9.3 1 0 2009-08-12 2
9.6 1 0 2009-08-12 2
11.2 0 0 2009-08-12 2
11.3 0 1 2009-08-12 2
11.5 2 0 2009-08-12 2
11.6 0 0 2009-08-12 2
14.1 1 0 2009-08-12 2
14.4 0 1 2009-08-12 2
14.5 0 0 2009-08-12 2
7.1 0 0 2012-06-03 2
7.2 0 0 2012-06-03 2
7.3 1 0 2012-06-03 2
11.2 6 0 2012-06-03 2
11.3 0 0 2012-06-03 2
14.1 4 0 2015-08-01 1
14.2 1 0 2015-08-01 1
14.4 0 0 2015-08-01 1
14.5 2 0 2015-08-01 1
14.6 0 0 2015-08-01 1
