8.2 1 0 2010-02-11 2
8.4 2 0 2010-02-11 2
8.5 6 0 2010-02-11 2
8.6 1 0 2010-02-11 2
10.3 1 0 2010-02-11 2
10.5 2 0 2010-02-11 2
10.6 1 0 2010-02-11 2
12.1 0 0 2010-02-11 2
12.2 1 0 2010-02-11 2
12.4 0 0 2010-02-11 2
7.1 2 0 2012-03-18 2
7.2 0 0 2012-03-18 2
7.3 0 0 2012-03-18 2
7.4 1 0 2012-03-18 2
7.6 1 0 2012-03-18 2
10.1 1 0 2012-03-18 2
10.4 2 0 2012-03-18 2
10.5 1 0 2012-03-18 2
3.1 4 0 2015-06-20 2
3.2 0 0 2015-06-20 2
3.3 4 0 2015-06-20 2
3.4 0 0 2015-06-20 2
3.5 1 0 2015-06-20 2
5.1 1 0 2015-06-20 2
5.4 2 0 2015-06-20 2
5.5 4 0 2015-06-20 2
5.6 2 0 2015-06-20 2
