5.2 4 1 2009-06-07 1
5.3 3 0 2009-06-07 1
13.4 0 1 2009-06-07 1
13.5 0 1 2009-06-07 1
13.7 4 0 2009-06-07 1
15.5 1 0 2009-06-07 1
9.1 0 1 2010-02-19 2
9.4 1 0 2010-02-19 2
11.1 1 0 2010-02-19 2
11.5 1 0 2010-02-19 2
15.1 1 0 2010-02-19 2
12.1 0 0 2010-02-20 1
12.2 1 0 2010-02-20 1
12.4 0 0 2010-02-20 1
12.5 1 0 2010-02-20 1
14.1 0 0 2010-02-20 1
14.2 6 0 2010-02-20 1
14.3 0 1 2010-02-20 1
14.4 1 0 2010-02-20 1
16.2 1 0 2010-02-20 1
16.5 0 1 2010-02-20 1
16.6 1 0 2010-02-20 1
1.1 0 0 2012-02-23 2
1.2 0 0 2012-02-23 2
1.3 0 0 2012-02-23 2
1.4 0 0 2012-02-23 2
1.5 0 1 2012-02-23 2
3.1 4 0 2012-02-23 2
3.2 1 0 2012-02-23 2
3.4 1 0 2012-02-23 2
14.1 0 0 2012-02-27 1
14.2 0 1 2012-02-27 1
14.3 0 5 2012-02-27 1
14.4 0 0 2012-02-27 1
14.5 1 0 2012-02-27 1
16.1 1 0 2012-02-27 1
16.4 2 0 2012-02-27 1
16.5 1 0 2012-02-27 1
18.1 1 0 2012-02-27 1
18.3 1 0 2012-02-27 1
18.5 0 1 2012-02-27 1
18.6 0 0 2012-02-27 1
18.7 4 0 2012-02-27 1
