8.6 0 1 2009-06-07 1
8.7 0 0 2009-06-07 1
10.1 4 0 2009-06-07 1
10.2 1 0 2009-06-07 1
10.6 0 0 2009-06-07 1
14.2 0 0 2009-06-07 1
14.3 1 0 2009-06-07 1
14.6 0 0 2009-06-07 1
16.2 1 0 2009-06-07 1
16.4 2 0 2009-06-07 1
16.5 0 0 2009-06-07 1
8.2 0 0 2010-02-19 2
8.3 1 0 2010-02-19 2
8.6 1 0 2010-02-19 2
10.1 1 0 2010-02-19 2
10.5 0 0 2010-02-19 2
10.6 1 0 2010-02-19 2
14.1 0 1 2010-02-19 2
14.2 0 0 2010-02-19 2
14.3 1 0 2010-02-19 2
14.5 2 0 2010-02-19 2
14.6 0 0 2010-02-19 2
14.7 1 0 2010-02-19 2
17.2 1 0 2010-02-19 2
17.6 0 0 2010-02-19 2
8.1 3 0 2010-02-20 1
8.3 6 0 2010-02-20 1
8.4 1 0 2010-02-20 1
10.2 1 0 2010-02-20 1
10.4 1 0 2010-02-20 1
15.1 1 0 2010-02-20 1
15.3 0 0 2010-02-20 1
15.4 1 0 2010-02-20 1
17.1 0 0 2010-02-20 1
5.5 0 0 2010-05-06 2
5.6 0 1 2010-05-06 2
13.2 6 0 2010-05-06 2
13.3 0 0 2010-05-06 2
13.4 0 0 2010-05-06 2
13.5 0 0 2010-05-06 2
13.6 1 0 2010-05-06 2
19.3 4 0 2010-05-06 2
4.1 1 0 2012-02-23 2
4.3 4 0 2012-02-23 2
4.4 0 0 2012-02-23 2
4.5 0 1 2012-02-23 2
4.6 1 0 2012-02-23 2
4.1 0 0 2012-02-25 1
4.2 0 0 2012-02-25 1
4.1 1 0 2012-02-27 1
4.4 0 0 2012-02-27 1
4.5 4 0 2012-02-27 1
4.6 1 0 2012-02-27 1
12.5 1 0 2012-02-27 1
15.2 0 0 2012-02-27 1
15.3 1 0 2012-02-27 1
