7.1 1 0 2009-06-07 1
7.3 1 0 2009-06-07 1
7.5 1 0 2009-06-07 1
9.4 0 0 2009-06-07 1
9.5 1 0 2009-06-07 1
11.4 6 0 2009-06-07 1
11.5 1 0 2009-06-07 1
7.3 1 0 2010-02-20 1
9.1 0 0 2010-02-20 1
9.2 4 0 2010-02-20 1
9.3 0 0 2010-02-20 1
9.4 4 0 2010-02-20 1
9.5 1 0 2010-02-20 1
11.1 6 0 2010-02-20 1
11.2 1 0 2010-02-20 1
13.3 2 0 2010-02-20 1
13.4 2 0 2010-02-20 1
13.5 0 0 2010-02-20 1
13.6 1 0 2010-02-20 1
7.1 4 0 2010-05-06 2
7.2 2 0 2010-05-06 2
7.3 0 0 2010-05-06 2
7.4 1 0 2010-05-06 2
7.6 0 0 2010-05-06 2
9.1 1 0 2010-05-06 2
9.3 0 0 2010-05-06 2
9.4 1 0 2010-05-06 2
9.6 1 0 2010-05-06 2
11.3 1 0 2010-05-06 2
11.6 1 0 2010-05-06 2
15.1 6 0 2010-05-06 2
15.2 0 0 2010-05-06 2
15.3 0 0 2010-05-06 2
15.4 0 0 2010-05-06 2
15.5 1 0 2010-05-06 2
5.1 1 0 2012-02-23 2
5.3 6 0 2012-02-23 2
5.4 0 0 2012-02-23 2
7.1 0 0 2012-02-27 1
7.2 1 0 2012-02-27 1
7.4 1 0 2012-02-27 1
9.1 1 0 2012-02-27 1
9.3 4 0 2012-02-27 1
9.4 0 0 2012-02-27 1
9.5 0 0 2012-02-27 1
9.6 0 0 2012-02-27 1
11.4 4 0 2012-02-27 1
11.5 2 0 2012-02-27 1
11.6 0 0 2012-02-27 1
13.3 1 0 2012-02-27 1
