8.1 1 0 2010-02-19 2
8.4 0 0 2010-02-19 2
8.5 1 0 2010-02-19 2
10.2 2 0 2010-02-19 2
10.3 0 0 2010-02-19 2
10.4 1 0 2010-02-19 2
14.4 1 0 2010-02-19 2
17.1 1 0 2010-02-19 2
17.3 0 0 2010-02-19 2
17.4 0 0 2010-02-19 2
17.5 1 0 2010-02-19 2
17.4 1 0 2010-02-20 1
17.6 1 0 2010-02-20 1
17.1 0 0 2010-05-06 2
17.2 0 0 2010-05-06 2
17.3 0 0 2010-05-06 2
17.4 4 0 2010-05-06 2
17.5 0 0 2010-05-06 2
17.6 0 0 2010-05-06 2
12.4 4 0 2010-09-05 2
12.5 1 0 2010-09-05 2
16.1 2 0 2010-09-05 2
16.2 4 0 2010-09-05 2
16.3 1 0 2010-09-05 2
9.4 0 0 2010-09-07 2
9.5 1 0 2010-09-07 2
