9.2 0 0 2010-02-19 2
9.3 1 0 2010-02-19 2
9.5 0 0 2010-02-19 2
9.6 0 0 2010-02-19 2
11.2 0 0 2010-02-19 2
11.3 0 4 2010-02-19 2
11.4 1 0 2010-02-19 2
11.6 6 0 2010-02-19 2
15.2 4 0 2010-02-19 2
15.3 0 0 2010-02-19 2
15.4 4 0 2010-02-19 2
15.5 0 0 2010-02-19 2
15.6 2 0 2010-02-19 2
18.1 4 0 2010-02-19 2
18.2 4 0 2010-02-19 2
18.3 6 0 2010-02-19 2
16.3 0 0 2010-02-20 1
16.4 1 0 2010-02-20 1
16.7 6 0 2010-02-20 1
18.1 0 1 2010-02-20 1
18.2 0 0 2010-02-20 1
8.3 0 0 2010-09-05 2
8.4 0 0 2010-09-05 2
8.5 1 0 2010-09-05 2
10.1 4 0 2010-09-05 2
10.2 1 0 2010-09-05 2
10.4 1 0 2010-09-05 2
17.1 4 0 2010-09-05 2
5.3 0 0 2012-02-25 1
5.4 4 0 2012-02-25 1
5.5 4 0 2012-02-25 1
5.6 0 0 2012-02-25 1
