9.1 0 0 2010-09-05 2
9.2 4 0 2010-09-05 2
9.3 0 0 2010-09-05 2
9.4 1 0 2010-09-05 2
11.1 1 0 2010-09-05 2
11.4 0 0 2010-09-05 2
11.5 1 0 2010-09-05 2
13.3 1 0 2010-09-05 2
13.5 0 0 2010-09-05 2
13.6 4 0 2010-09-05 2
12.1 0 0 2010-09-07 2
12.2 3 0 2010-09-07 2
12.4 4 0 2010-09-07 2
12.5 0 4 2010-09-07 2
12.6 0 0 2010-09-07 2
7.2 0 0 2012-02-23 2
7.3 0 0 2012-02-23 2
7.4 0 0 2012-02-23 2
7.5 1 0 2012-02-23 2
9.1 0 0 2012-02-23 2
9.2 1 0 2012-02-23 2
11.1 2 0 2012-02-23 2
11.2 0 1 2012-02-23 2
11.4 2 0 2012-02-23 2
11.5 4 0 2012-02-23 2
11.6 1 0 2012-02-23 2
7.3 1 0 2012-02-27 1
7.5 0 0 2012-02-27 1
7.6 1 0 2012-02-27 1
9.2 1 0 2012-02-27 1
