16.1 2 0 2010-05-16 2
16.2 1 0 2010-05-16 2
9.3 1 0 2011-01-12 2
9.5 2 0 2011-01-12 2
9.6 1 0 2011-01-12 2
15.2 0 0 2011-01-12 2
11.1 0 0 2011-01-14 2
11.2 0 0 2011-01-14 2
11.3 1 0 2011-01-14 2
11.5 1 0 2011-01-14 2
13.5 1 0 2011-01-14 2
12.1 2 0 2015-08-31 1
12.2 6 0 2015-08-31 1
12.3 0 0 2015-08-31 1
12.4 0 0 2015-08-31 1
12.5 1 0 2015-08-31 1
14.1 6 0 2015-08-31 1
14.2 2 0 2015-08-31 1
14.3 0 0 2015-08-31 1
14.4 6 0 2015-08-31 1
14.5 6 0 2015-08-31 1
14.6 0 1 2015-08-31 1
14.7 1 0 2015-08-31 1
