12.1 1 0 2010-05-10 2
12.4 0 0 2010-05-10 2
12.5 4 0 2010-05-10 2
12.6 2 0 2010-05-10 2
14.1 0 0 2010-05-10 2
14.2 0 0 2010-05-10 2
14.3 4 0 2010-05-10 2
14.4 4 0 2010-05-10 2
14.5 1 0 2010-05-10 2
6.4 1 0 2012-09-29 2
6.6 1 0 2012-09-29 2
8.1 1 0 2012-09-29 2
8.3 0 0 2012-09-29 2
8.4 1 0 2012-09-29 2
10.1 0 0 2012-09-29 2
10.2 1 0 2012-09-29 2
10.4 1 0 2012-09-29 2
12.2 1 0 2012-09-29 2
12.4 0 0 2012-09-29 2
12.5 0 0 2012-09-29 2
12.6 0 0 2012-09-29 2
10.2 0 0 2013-02-09 1
10.3 1 0 2013-02-09 1
14.1 4 0 2013-02-09 1
14.2 6 0 2013-02-09 1
14.3 1 0 2013-02-09 1
14.5 0 0 2013-02-09 1
14.6 1 0 2013-02-09 1
7.2 0 0 2013-02-12 2
7.3 0 0 2013-02-12 2
7.4 4 0 2013-02-12 2
7.5 0 0 2013-02-12 2
7.6 1 0 2013-02-12 2
9.3 1 0 2013-02-12 2
9.5 0 0 2013-02-12 2
9.6 1 0 2013-02-12 2
9.1 0 0 2014-03-22 1
9.2 0 0 2014-03-22 1
9.3 0 1 2014-03-22 1
9.4 2 0 2014-03-22 1
9.5 2 0 2014-03-22 1
9.6 1 0 2014-03-22 1
10.1 1 0 2015-06-23 1
10.3 0 5 2015-06-23 1
10.4 1 0 2015-06-23 1
10.6 1 0 2015-06-23 1
