14.2 0 0 2010-05-16 2
14.3 0 0 2010-05-16 2
14.4 0 0 2010-05-16 2
14.5 0 0 2010-05-16 2
14.6 0 1 2010-05-16 2
14.7 1 0 2010-05-16 2
6.1 0 0 2011-01-12 2
6.2 0 1 2011-01-12 2
6.3 1 0 2011-01-12 2
8.5 0 0 2011-01-12 2
8.6 0 0 2011-01-12 2
14.1 0 0 2011-01-12 2
14.2 2 0 2011-01-12 2
14.3 2 0 2011-01-12 2
14.4 2 0 2011-01-12 2
14.5 1 0 2011-01-12 2
12.1 0 0 2011-01-14 2
12.2 4 0 2011-01-14 2
12.3 0 0 2011-01-14 2
12.4 0 0 2011-01-14 2
12.5 1 0 2011-01-14 2
17.2 0 0 2011-01-14 2
4.1 0 0 2013-08-29 2
4.2 0 0 2013-08-29 2
4.3 0 0 2013-08-29 2
