8.1 1 0 2009-11-13 1
8.4 4 0 2009-11-13 1
8.5 0 0 2009-11-13 1
8.6 2 0 2009-11-13 1
8.7 0 0 2009-11-13 1
10.1 0 0 2009-11-13 1
10.2 1 0 2009-11-13 1
10.6 2 0 2009-11-13 1
10.7 1 0 2009-11-13 1
12.2 1 0 2009-11-13 1
12.4 0 0 2009-11-13 1
12.5 4 0 2009-11-13 1
12.6 1 0 2009-11-13 1
14.1 1 0 2009-11-13 1
14.5 0 0 2009-11-13 1
14.6 1 0 2009-11-13 1
6.2 1 0 2012-09-08 1
6.4 4 0 2012-09-08 1
6.5 1 0 2012-09-08 1
8.1 1 0 2012-09-08 1
8.5 1 0 2012-09-08 1
10.1 0 2 2012-09-08 1
10.2 0 0 2012-09-08 1
6.1 0 0 2012-09-12 1
6.2 0 0 2012-09-12 1
6.3 1 0 2012-09-12 1
6.6 0 0 2012-09-12 1
8.2 0 0 2012-09-12 1
