7.1 1 0 2009-11-13 1
7.4 1 0 2009-11-13 1
11.1 4 0 2009-11-13 1
11.2 1 0 2009-11-13 1
11.4 6 0 2009-11-13 1
11.5 2 0 2009-11-13 1
11.6 0 0 2009-11-13 1
17.2 2 0 2009-11-13 1
17.3 0 1 2009-11-13 1
17.5 0 0 2009-11-13 1
17.6 0 1 2009-11-13 1
17.3 0 0 2009-11-15 2
15.1 0 0 2010-05-08 1
15.2 2 0 2010-05-08 1
15.3 2 0 2010-05-08 1
15.4 0 1 2010-05-08 1
15.5 0 1 2010-05-08 1
15.6 0 0 2010-05-08 1
15.7 2 0 2010-05-08 1
15.8 4 0 2010-05-08 1
17.1 4 0 2010-05-08 1
17.2 1 0 2010-05-08 1
17.6 1 0 2010-05-08 1
7.1 0 1 2012-09-08 1
7.3 1 0 2012-09-08 1
11.2 1 0 2014-03-29 2
11.4 0 0 2014-03-29 2
11.5 2 0 2014-03-29 2
11.6 1 0 2014-03-29 2
