1.5 0 1 2009-02-10 2
1.6 0 0 2009-02-10 2
1.7 0 0 2009-02-10 2
3.3 0 0 2009-02-10 2
3.4 4 0 2009-02-10 2
3.5 0 0 2009-02-10 2
3.6 0 0 2009-02-10 2
5.1 1 0 2009-02-10 2
5.3 0 1 2009-02-10 2
5.4 0 1 2009-02-10 2
5.5 4 0 2009-02-10 2
5.6 0 1 2009-02-10 2
5.1 2 0 2010-05-11 1
5.2 4 0 2010-05-11 1
5.3 2 0 2010-05-11 1
5.4 0 1 2010-05-11 1
5.5 4 0 2010-05-11 1
5.6 4 0 2010-05-11 1
5.7 0 0 2010-05-11 1
14.3 0 0 2010-05-11 1
14.4 1 0 2010-05-11 1
14.7 1 0 2010-05-11 1
17.1 0 1 2010-05-11 1
17.2 4 0 2010-05-11 1
17.3 0 0 2010-05-11 1
