2.6 0 1 2009-02-10 2
2.7 0 0 2009-02-10 2
2.8 0 0 2009-02-10 2
17.2 4 0 2009-12-12 2
17.3 1 0 2009-12-12 2
17.5 0 0 2009-12-12 2
17.6 0 0 2009-12-12 2
4.3 0 0 2010-05-11 1
4.4 1 0 2010-05-11 1
11.3 0 0 2010-05-11 1
11.4 0 0 2010-05-11 1
11.5 1 0 2010-05-11 1
15.1 4 0 2010-05-11 1
15.2 1 0 2010-05-11 1
15.4 1 0 2010-05-11 1
15.6 0 0 2010-05-11 1
13.1 0 2 2012-08-07 1
13.2 1 0 2012-08-07 1
13.7 1 0 2012-08-07 1
17.5 6 0 2012-08-07 1
17.6 1 0 2012-08-07 1
19.4 0 0 2012-08-07 1
19.5 1 0 2012-08-07 1
