0.1 0 0 2011-01-12 2
0.2 0 0 2011-01-12 2
0.3 4 0 2011-01-12 2
0.4 4 0 2011-01-12 2
0.5 4 0 2011-01-12 2
0.6 0 0 2011-01-12 2
2.1 0 0 2011-01-12 2
2.2 0 0 2011-01-12 2
2.3 3 0 2011-01-12 2
2.5 0 1 2011-01-12 2
2.6 6 0 2011-01-12 2
2.7 0 0 2011-01-12 2
0.1 0 0 2011-01-14 2
0.2 4 0 2011-01-14 2
0.3 0 0 2011-01-14 2
0.4 4 0 2011-01-14 2
0.5 0 0 2011-01-14 2
0.6 3 0 2011-01-14 2
2.2 0 0 2011-01-14 2
2.3 0 0 2011-01-14 2
2.4 2 0 2011-01-14 2
2.5 2 0 2011-01-14 2
2.6 2 1 2011-01-14 2
2.7 1 0 2011-01-14 2
