0.2 0 0 2007-09-02 1
0.3 4 0 2007-09-02 1
0.4 0 0 2007-09-02 1
0.5 1 0 2007-09-02 1
2.5 6 0 2007-09-02 1
2.6 2 0 2007-09-02 1
4.1 0 0 2007-09-02 1
4.2 4 0 2007-09-02 1
4.3 4 0 2007-09-02 1
4.4 6 0 2007-09-02 1
4.5 6 0 2007-09-02 1
4.6 1 0 2007-09-02 1
6.2 0 0 2007-09-02 1
6.3 2 0 2007-09-02 1
6.4 1 0 2007-09-02 1
6.6 1 0 2007-09-02 1
0.1 0 0 2007-09-20 2
0.2 0 0 2007-09-20 2
0.3 0 0 2007-09-20 2
15.3 4 0 2007-09-20 2
15.4 1 0 2007-09-20 2
15.6 1 0 2007-09-20 2
18.1 4 0 2007-09-20 2
18.2 1 0 2007-09-20 2
18.4 4 0 2007-09-20 2
18.5 0 0 2007-09-20 2
18.6 2 0 2007-09-20 2
0.6 1 0 2012-09-25 2
2.6 0 0 2012-09-25 2
4.4 0 0 2012-09-25 2
4.5 4 0 2012-09-25 2
4.6 6 0 2012-09-25 2
