14.2 1 0 2007-09-15 1
14.5 1 0 2007-09-15 1
14.7 0 0 2007-09-15 1
16.1 1 0 2007-09-15 1
16.4 6 0 2007-09-15 1
16.5 1 0 2007-09-15 1
18.1 0 0 2007-09-15 1
18.2 4 0 2007-09-15 1
18.3 0 0 2007-09-15 1
18.4 1 0 2007-09-15 1
15.1 1 0 2009-09-02 1
15.3 1 0 2009-09-02 1
15.6 0 0 2009-09-02 1
17.2 2 0 2009-09-04 1
17.3 1 0 2009-09-04 1
17.5 1 0 2009-09-04 1
19.1 4 0 2009-09-04 1
19.2 1 0 2009-09-04 1
19.4 0 0 2009-09-04 1
19.5 1 0 2009-09-04 1
17.3 1 0 2010-04-30 2
17.6 1 0 2010-04-30 2
13.5 0 0 2010-05-23 1
13.6 0 0 2010-05-23 1
16.1 0 0 2012-09-27 1
16.2 1 0 2012-09-27 1
16.4 1 0 2012-09-27 1
