6.1 0 0 2012-09-30 2
6.2 1 0 2012-09-30 2
6.4 6 0 2012-09-30 2
6.5 0 0 2012-09-30 2
6.6 1 0 2012-09-30 2
8.2 0 0 2012-09-30 2
8.3 4 0 2012-09-30 2
8.4 1 0 2012-09-30 2
8.6 1 0 2012-09-30 2
10.1 1 0 2012-09-30 2
10.6 1 0 2012-09-30 2
14.1 1 0 2012-09-30 2
14.3 1 0 2012-09-30 2
12.3 1 0 2012-12-25 1
8.2 0 0 2012-12-28 1
8.3 1 0 2012-12-28 1
8.5 1 0 2012-12-28 1
10.1 4 0 2012-12-28 1
10.2 1 0 2012-12-28 1
10.4 0 0 2012-12-28 1
10.5 1 0 2012-12-28 1
8.1 0 1 2014-03-21 2
8.2 0 0 2014-03-21 2
8.3 0 0 2014-03-21 2
8.4 0 0 2014-03-21 2
8.5 0 0 2014-03-21 2
8.6 0 3 2014-03-21 2
8.7 4 0 2014-03-21 2
8.8 1 0 2014-03-21 2
14.1 4 0 2014-03-21 2
14.2 2 0 2014-03-21 2
14.3 0 0 2014-03-21 2
14.4 4 0 2014-03-21 2
14.5 1 0 2014-03-21 2
