5.3 0 0 2012-09-30 2
5.4 4 0 2012-09-30 2
5.5 1 0 2012-09-30 2
11.1 0 0 2012-09-30 2
11.2 4 0 2012-09-30 2
11.3 2 0 2012-09-30 2
11.4 1 0 2012-09-30 2
13.1 6 0 2012-09-30 2
13.2 1 0 2012-09-30 2
13.5 0 0 2012-09-30 2
13.6 1 0 2012-09-30 2
16.2 0 0 2012-09-30 2
16.3 0 0 2012-09-30 2
16.4 0 0 2012-09-30 2
16.5 1 0 2012-09-30 2
5.4 1 0 2012-12-28 1
5.6 1 0 2012-12-28 1
9.2 4 0 2012-12-28 1
9.3 1 0 2012-12-28 1
9.5 1 0 2012-12-28 1
9.1 0 0 2014-03-21 2
9.2 1 0 2014-03-21 2
9.5 0 0 2014-03-21 2
9.6 0 0 2014-03-21 2
13.1 1 0 2014-03-21 2
13.3 1 0 2014-03-21 2
16.4 0 0 2014-03-21 2
16.5 0 0 2014-03-21 2
16.6 0 0 2014-03-21 2
