15.2 4 0 2009-06-16 1
15.3 4 0 2009-06-16 1
15.4 4 0 2009-06-16 1
15.5 1 0 2009-06-16 1
3.5 0 0 2009-09-02 2
3.6 0 0 2009-09-02 2
1.2 0 0 2009-09-04 2
1.3 0 0 2009-09-04 2
1.4 1 0 2009-09-04 2
3.1 1 0 2009-09-04 2
3.4 0 0 2009-09-04 2
3.5 4 0 2009-09-04 2
3.6 0 0 2009-09-04 2
5.1 4 0 2009-09-04 2
5.2 4 0 2009-09-04 2
5.3 0 1 2009-09-04 2
5.4 0 0 2009-09-04 2
5.5 2 0 2009-09-04 2
5.6 4 0 2009-09-04 2
5.7 0 0 2009-09-04 2
0.1 0 0 2010-05-22 2
0.2 0 0 2010-05-22 2
0.1 1 0 2010-05-23 2
2.1 0 0 2010-05-23 2
2.2 0 0 2010-05-23 2
2.3 6 0 2010-05-23 2
2.4 0 0 2010-05-23 2
2.5 4 0 2010-05-23 2
2.6 0 0 2010-05-23 2
1.1 0 0 2012-09-27 2
1.2 0 0 2012-09-27 2
1.3 1 0 2012-09-27 2
1.5 1 0 2012-09-27 2
3.1 4 0 2012-09-27 2
3.2 0 0 2012-09-27 2
3.3 6 0 2012-09-27 2
3.4 0 0 2012-09-27 2
3.5 1 0 2012-09-27 2
0.1 0 1 2013-11-21 2
0.2 0 0 2013-11-21 2
0.3 3 0 2013-11-21 2
2.5 1 0 2014-03-31 1
