4.1 0 0 2010-05-13 1
3.1 1 0 2011-06-25 2
3.5 1 0 2011-06-25 2
5.2 2 0 2011-06-25 2
5.3 0 0 2011-06-25 2
5.4 4 0 2011-06-25 2
5.5 2 0 2011-06-25 2
5.6 1 0 2011-06-25 2
13.1 1 0 2011-06-25 2
13.3 1 0 2011-06-25 2
17.1 2 0 2011-06-25 2
17.2 4 0 2011-06-25 2
5.1 0 0 2012-10-01 1
5.2 0 0 2012-10-01 1
5.3 0 0 2012-10-01 1
5.4 2 0 2012-10-01 1
5.5 0 0 2012-10-01 1
5.6 1 0 2012-10-01 1
7.1 1 0 2014-03-27 1
11.5 2 0 2014-03-27 1
11.6 1 0 2014-03-27 1
15.4 0 0 2014-03-27 1
15.5 0 0 2014-03-27 1
15.6 1 0 2014-03-27 1
