4.2 1 0 2006-12-22 2
4.4 1 0 2006-12-22 2
14.3 4 0 2007-09-15 2
14.4 4 0 2007-09-15 2
14.5 0 0 2007-09-15 2
14.6 1 0 2007-09-15 2
2.1 3 0 2009-09-02 2
2.4 0 0 2009-09-02 2
2.5 0 0 2009-09-02 2
2.6 0 0 2009-09-02 2
2.1 0 0 2009-09-04 2
2.2 0 0 2009-09-04 2
2.3 0 0 2009-09-04 2
2.4 1 0 2009-09-04 2
1.1 0 0 2010-04-30 1
1.2 2 0 2010-04-30 1
1.3 1 0 2010-04-30 1
1.6 6 0 2010-04-30 1
3.1 0 0 2010-04-30 1
3.2 4 0 2010-04-30 1
3.3 1 0 2010-04-30 1
3.6 4 0 2010-04-30 1
13.1 1 0 2010-04-30 1
13.3 4 0 2010-04-30 1
13.4 1 0 2010-04-30 1
