1.2 0 0 2007-09-17 2
1.3 0 0 2007-09-17 2
1.4 0 0 2007-09-17 2
1.5 1 0 2007-09-17 2
3.1 0 0 2007-09-17 2
3.2 0 0 2007-09-17 2
3.3 1 0 2007-09-17 2
3.5 0 1 2007-09-17 2
3.6 0 4 2007-09-17 2
3.7 2 0 2007-09-17 2
5.1 0 1 2007-09-17 2
5.2 4 0 2007-09-17 2
5.3 0 1 2007-09-17 2
5.4 0 0 2007-09-17 2
5.5 1 0 2007-09-17 2
5.8 6 0 2007-09-17 2
0.1 2 0 2012-06-01 1
0.2 0 0 2012-06-01 1
0.3 0 0 2012-06-01 1
0.1 0 0 2012-10-04 1
0.2 4 0 2012-10-04 1
0.3 0 0 2012-10-04 1
0.4 1 0 2012-10-04 1
2.1 0 0 2012-10-04 1
2.2 0 0 2012-10-04 1
2.3 1 0 2012-10-04 1
4.1 0 0 2012-10-04 1
4.2 1 0 2012-10-04 1
