13.3 2 0 2007-09-15 2
13.4 2 0 2007-09-15 2
13.5 4 0 2007-09-15 2
13.6 2 0 2007-09-15 2
15.1 2 0 2007-09-15 2
15.2 0 0 2007-09-15 2
15.3 0 3 2007-09-15 2
15.6 6 0 2007-09-15 2
12.1 0 0 2009-06-16 1
12.2 4 0 2009-06-16 1
12.3 0 0 2009-06-16 1
12.4 0 0 2009-06-16 1
12.5 1 0 2009-06-16 1
14.1 1 0 2009-06-16 1
14.3 0 0 2009-06-16 1
14.4 0 0 2009-06-16 1
14.5 1 0 2009-06-16 1
19.4 4 0 2009-06-16 1
19.5 0 0 2009-06-16 1
19.6 0 1 2009-06-16 1
5.1 4 0 2010-04-30 1
5.2 1 0 2010-04-30 1
12.1 0 0 2010-04-30 1
12.2 6 0 2010-04-30 1
12.3 1 0 2010-04-30 1
12.5 0 0 2010-04-30 1
12.6 1 0 2010-04-30 1
14.1 1 0 2010-04-30 1
14.3 0 0 2010-04-30 1
14.4 4 0 2010-04-30 1
14.5 1 0 2010-04-30 1
3.6 0 0 2010-05-23 2
5.1 1 0 2012-09-27 2
5.3 0 0 2012-09-27 2
5.4 1 0 2012-09-27 2
5.6 2 0 2012-09-27 2
7.1 4 0 2012-09-27 2
7.2 0 0 2012-09-27 2
