1.1 0 1 2011-06-25 2
1.2 2 0 2011-06-25 2
1.3 0 0 2011-06-25 2
1.4 0 0 2011-06-25 2
1.5 4 0 2011-06-25 2
1.6 1 0 2011-06-25 2
4.4 0 1 2011-06-25 2
4.5 0 0 2011-06-25 2
4.6 1 0 2011-06-25 2
4.8 0 0 2011-06-25 2
12.6 1 0 2011-06-25 2
1.1 0 1 2012-10-01 1
1.5 0 0 2012-10-01 1
1.6 0 0 2012-10-01 1
3.1 0 0 2012-10-01 1
3.2 6 0 2012-10-01 1
3.3 1 0 2012-10-01 1
3.7 1 0 2012-10-01 1
1.3 0 0 2014-03-27 1
1.4 0 0 2014-03-27 1
1.5 0 0 2014-03-27 1
1.6 4 0 2014-03-27 1
3.1 4 0 2014-03-27 1
3.2 0 0 2014-03-27 1
3.3 4 0 2014-03-27 1
3.4 0 0 2014-03-27 1
3.5 0 0 2014-03-27 1
3.6 1 0 2014-03-27 1
14.1 2 1 2014-03-27 1
14.2 1 0 2014-03-27 1
14.5 4 0 2014-03-27 1
14.6 2 0 2014-03-27 1
14.7 0 0 2014-03-27 1
