17.1 1 0 2007-09-15 2
17.4 1 0 2007-09-15 2
11.4 0 0 2009-06-16 1
11.5 0 0 2009-06-16 1
11.6 1 0 2009-06-16 1
13.2 1 0 2009-06-16 1
13.4 6 0 2009-06-16 1
13.5 0 0 2009-06-16 1
13.6 1 0 2009-06-16 1
17.1 0 1 2009-06-16 1
17.5 1 0 2009-06-16 1
6.5 1 0 2009-09-04 2
8.1 1 0 2009-09-04 2
8.3 1 0 2009-09-04 2
8.5 1 0 2009-09-04 2
7.1 1 0 2010-04-30 1
7.5 1 0 2010-04-30 1
9.1 1 0 2010-04-30 1
9.3 1 0 2010-04-30 1
9.5 1 0 2010-04-30 1
11.1 2 0 2010-04-30 1
11.2 1 0 2010-04-30 1
11.4 1 0 2010-04-30 1
17.3 2 0 2010-04-30 1
17.4 2 0 2010-04-30 1
17.5 1 0 2010-04-30 1
6.2 4 0 2012-09-27 2
6.3 1 0 2012-09-27 2
6.6 1 0 2012-09-27 2
