0.1 0 0 2007-01-09 1
0.2 0 1 2007-01-09 1
0.3 4 0 2007-01-09 1
0.4 0 0 2007-01-09 1
0.5 0 1 2007-01-09 1
0.6 0 0 2007-01-09 1
0.7 0 0 2007-01-09 1
0.8 0 0 2007-01-09 1
2.1 0 0 2007-01-09 1
2.2 0 0 2007-01-09 1
2.3 2 0 2007-01-09 1
2.4 0 0 2007-01-09 1
2.5 0 0 2007-01-09 1
2.6 0 0 2007-01-09 1
4.2 1 0 2007-01-09 1
1.4 0 0 2007-09-14 2
1.5 1 0 2007-09-14 2
3.3 2 0 2007-09-14 2
3.4 2 0 2007-09-14 2
3.5 1 0 2007-09-14 2
7.1 1 0 2007-09-14 2
7.3 4 0 2007-09-14 2
7.4 0 0 2007-09-14 2
7.5 3 0 2007-09-14 2
