12.2 0 0 2010-05-10 2
12.3 1 0 2010-05-10 2
14.6 4 0 2010-05-10 2
6.5 1 0 2012-09-29 2
6.7 1 0 2012-09-29 2
8.2 1 0 2012-09-29 2
8.5 0 0 2012-09-29 2
8.6 1 0 2012-09-29 2
10.3 1 0 2012-09-29 2
10.5 6 0 2012-09-29 2
10.6 1 0 2012-09-29 2
12.1 1 0 2012-09-29 2
12.3 1 0 2012-09-29 2
6.1 1 0 2013-02-09 1
6.4 0 0 2013-02-09 1
6.5 6 0 2013-02-09 1
6.6 1 0 2013-02-09 1
3.5 4 0 2013-06-25 2
3.6 0 0 2013-06-25 2
9.1 2 0 2013-06-25 2
9.2 0 0 2013-06-25 2
9.3 4 0 2013-06-25 2
9.4 4 0 2013-06-25 2
9.5 0 1 2013-06-25 2
9.6 1 0 2013-06-25 2
