14.2 1 0 2009-06-13 1
14.4 0 0 2009-06-13 1
14.5 1 0 2009-06-13 1
13.1 1 0 2009-11-12 2
13.3 0 1 2009-11-12 2
13.4 1 0 2009-11-12 2
13.7 1 0 2009-11-12 2
15.2 1 0 2009-11-12 2
15.4 1 0 2009-11-12 2
17.1 2 0 2009-11-12 2
17.2 2 0 2009-11-12 2
17.3 3 0 2009-11-12 2
17.5 0 0 2009-11-12 2
17.6 0 0 2009-11-12 2
17.3 1 0 2010-05-08 1
19.4 0 0 2010-05-08 1
19.5 0 0 2010-05-08 1
19.6 1 0 2010-05-08 1
19.7 6 0 2010-05-08 1
19.3 0 0 2010-12-28 1
19.1 1 0 2012-09-23 2
19.4 4 0 2012-09-23 2
19.5 0 0 2012-09-23 2
