19.1 1 0 2010-04-30 2
19.3 4 0 2010-04-30 2
19.4 1 0 2010-04-30 2
19.5 6 0 2010-04-30 2
17.2 2 0 2010-05-22 1
17.3 1 0 2010-05-22 1
19.1 0 0 2010-05-22 1
19.2 0 0 2010-05-22 1
7.1 1 0 2010-05-23 1
7.3 2 0 2010-05-23 1
7.4 1 0 2010-05-23 1
13.1 0 0 2010-05-23 1
13.2 0 0 2010-05-23 1
13.3 2 0 2010-05-23 1
13.4 1 0 2010-05-23 1
17.1 1 0 2010-05-23 1
18.1 1 0 2012-09-27 1
18.3 1 0 2012-09-27 1
18.5 0 1 2012-09-27 1
18.6 0 0 2012-09-27 1
17.1 2 0 2013-11-21 1
17.2 2 0 2013-11-21 1
17.3 2 0 2013-11-21 1
17.4 1 0 2013-11-21 1
17.6 2 0 2013-11-21 1
19.3 1 0 2013-11-21 1
