5.4 0 0 2009-06-16 2
5.5 1 0 2009-06-16 2
8.1 0 0 2009-06-16 2
6.2 1 0 2009-09-02 1
8.2 0 0 2009-09-02 1
8.3 1 0 2009-09-02 1
8.6 4 0 2009-09-02 1
12.1 1 0 2009-09-02 1
12.3 1 0 2009-09-02 1
12.6 0 0 2009-09-02 1
16.1 2 0 2009-09-02 1
16.2 2 0 2009-09-02 1
16.3 1 0 2009-09-02 1
16.5 0 0 2009-09-02 1
16.6 0 0 2009-09-02 1
12.1 0 0 2009-09-04 1
12.2 2 0 2009-09-04 1
12.3 0 0 2009-09-04 1
12.4 1 0 2009-09-04 1
14.1 1 0 2009-09-04 1
14.4 0 0 2009-09-04 1
14.5 1 0 2009-09-04 1
10.1 1 0 2010-05-22 1
10.3 1 0 2010-05-22 1
10.5 0 0 2010-05-22 1
10.6 0 0 2010-05-22 1
12.4 1 0 2010-05-22 1
12.4 1 0 2012-09-27 1
14.4 1 0 2012-09-27 1
14.7 2 0 2012-09-27 1
