9.4 1 0 2008-12-26 1
11.2 4 0 2008-12-26 1
11.3 6 0 2008-12-26 1
11.4 0 0 2008-12-26 1
11.5 1 0 2008-12-26 1
12.1 0 1 2008-12-28 1
12.2 4 0 2008-12-28 1
12.3 0 1 2008-12-28 1
12.4 1 0 2008-12-28 1
12.6 0 0 2008-12-28 1
10.4 1 0 2012-10-01 2
10.6 0 0 2012-10-01 2
14.2 0 0 2012-10-01 2
14.3 2 0 2012-10-01 2
14.4 2 0 2012-10-01 2
14.5 1 0 2012-10-01 2
9.1 1 0 2014-07-05 2
9.3 0 0 2014-07-05 2
9.4 0 1 2014-07-05 2
9.5 0 0 2014-07-05 2
9.6 0 0 2014-07-05 2
9.7 0 1 2014-07-05 2
13.2 0 1 2014-07-05 2
13.3 1 0 2014-07-05 2
13.5 1 0 2014-07-05 2
11.4 1 0 2014-07-06 2
