5.3 0 0 2008-02-07 2
5.4 6 0 2008-02-07 2
5.5 0 0 2008-02-07 2
4.1 0 0 2008-06-13 1
4.2 0 0 2008-06-13 1
4.3 0 0 2008-06-13 1
4.4 4 0 2008-06-13 1
4.5 0 0 2008-06-13 1
4.6 1 0 2008-06-13 1
14.1 0 0 2010-05-10 1
14.2 1 0 2010-05-10 1
17.1 1 0 2010-05-10 1
17.3 2 0 2010-05-10 1
17.4 1 0 2010-05-10 1
17.6 1 1 2010-05-10 1
7.1 0 0 2012-09-29 1
7.2 1 0 2012-09-29 1
7.5 0 0 2012-09-29 1
7.6 2 0 2012-09-29 1
9.1 4 0 2012-09-29 1
9.2 0 0 2012-09-29 1
9.3 0 1 2012-09-29 1
9.4 0 0 2012-09-29 1
9.5 1 0 2012-09-29 1
9.8 0 0 2012-09-29 1
15.1 1 0 2012-09-29 1
13.1 1 0 2013-02-12 1
