4.2 0 0 2012-06-30 2
4.3 0 0 2012-06-30 2
4.4 0 0 2012-06-30 2
4.5 0 0 2012-06-30 2
4.6 0 0 2012-06-30 2
4.7 0 1 2012-06-30 2
12.2 0 1 2012-10-01 2
12.3 1 0 2012-10-01 2
12.5 2 0 2012-10-01 2
12.6 1 0 2012-10-01 2
18.2 1 0 2012-10-01 2
18.4 0 0 2012-10-01 2
18.5 0 0 2012-10-01 2
18.6 1 0 2012-10-01 2
5.4 0 0 2014-01-15 2
5.5 2 0 2014-01-15 2
5.6 1 0 2014-01-15 2
9.1 1 0 2014-01-15 2
9.3 1 0 2014-01-15 2
9.6 1 0 2014-01-15 2
15.6 0 0 2014-01-15 2
17.1 1 0 2014-01-15 2
17.3 0 0 2014-01-15 2
17.4 0 0 2014-01-15 2
11.2 1 0 2014-07-05 2
10.1 1 0 2014-07-06 2
10.3 1 0 2014-07-06 2
10.5 0 0 2014-07-06 2
10.6 0 1 2014-07-06 2
10.7 2 0 2014-07-06 2
12.1 0 0 2014-07-06 2
12.2 4 0 2014-07-06 2
12.3 0 0 2014-07-06 2
