9.2 0 1 2009-11-13 2
9.4 0 0 2009-11-13 2
9.5 6 0 2009-11-13 2
9.6 1 0 2009-11-13 2
10.1 1 0 2010-12-26 2
10.6 0 0 2010-12-26 2
12.3 0 0 2010-12-26 2
12.4 0 0 2010-12-26 2
12.5 0 0 2010-12-26 2
12.6 0 0 2010-12-26 2
11.4 0 0 2010-12-28 1
11.5 1 0 2010-12-28 1
16.1 0 0 2010-12-28 1
16.2 6 0 2010-12-28 1
16.3 4 0 2010-12-28 1
16.4 1 0 2010-12-28 1
19.1 6 0 2010-12-28 1
19.2 1 0 2010-12-28 1
19.4 0 0 2010-12-28 1
19.5 1 0 2010-12-28 1
16.1 1 0 2012-09-23 2
16.4 1 0 2012-09-23 2
16.6 6 0 2012-09-23 2
