12.1 1 0 2007-09-15 1
12.3 1 0 2007-09-15 1
12.6 1 0 2007-09-15 1
14.1 1 0 2007-09-15 1
14.3 0 1 2007-09-15 1
14.4 1 0 2007-09-15 1
14.6 1 0 2007-09-15 1
16.2 0 0 2007-09-15 1
16.3 0 1 2007-09-15 1
16.6 4 0 2007-09-15 1
18.5 0 0 2007-09-15 1
4.6 4 0 2009-06-16 2
6.7 0 0 2009-06-16 2
15.2 1 0 2009-09-02 1
15.4 0 0 2009-09-02 1
15.5 1 0 2009-09-02 1
5.1 0 0 2010-05-22 1
5.2 0 0 2010-05-22 1
5.3 0 0 2010-05-22 1
5.4 0 0 2010-05-22 1
5.5 0 1 2010-05-22 1
5.6 0 0 2010-05-22 1
5.7 0 0 2010-05-22 1
11.3 1 0 2010-05-22 1
11.5 0 0 2010-05-22 1
11.6 4 0 2010-05-22 1
16.3 1 0 2012-09-27 1
16.5 4 0 2012-09-27 1
16.6 1 0 2012-09-27 1
