11.1 0 0 2006-12-22 1
11.2 0 0 2006-12-22 1
11.3 1 0 2006-12-22 1
11.6 0 0 2006-12-22 1
13.1 1 0 2006-12-22 1
13.3 3 0 2006-12-22 1
13.5 1 0 2006-12-22 1
7.1 1 0 2007-09-15 1
7.3 1 0 2007-09-15 1
7.6 4 0 2007-09-15 1
9.1 2 0 2007-09-15 1
9.2 1 0 2007-09-15 1
9.5 0 1 2007-09-15 1
11.5 1 0 2007-09-15 1
13.1 1 0 2007-09-15 1
13.3 1 0 2007-09-15 1
13.5 1 0 2007-09-15 1
10.1 2 0 2009-09-02 1
10.2 1 0 2009-09-02 1
10.6 2 0 2009-09-02 1
14.3 1 0 2009-09-02 1
14.5 0 0 2009-09-02 1
14.6 4 0 2009-09-02 1
14.7 6 0 2009-09-02 1
10.3 0 0 2009-09-04 1
10.4 0 0 2009-09-04 1
10.5 1 0 2009-09-04 1
15.2 2 0 2009-09-04 1
15.3 0 0 2009-09-04 1
9.1 0 0 2010-04-30 2
9.2 1 0 2010-04-30 2
11.1 0 0 2010-04-30 2
11.2 1 0 2010-04-30 2
11.4 1 0 2010-04-30 2
11.6 0 0 2010-04-30 2
13.1 1 0 2010-04-30 2
13.3 0 0 2010-04-30 2
13.4 1 0 2010-04-30 2
