6.1 1 0 2009-06-16 2
6.3 0 0 2009-06-16 2
6.4 0 0 2009-06-16 2
6.5 1 0 2009-06-16 2
8.1 0 0 2009-06-16 2
8.2 1 0 2009-06-16 2
8.4 0 0 2009-06-16 2
8.5 1 0 2009-06-16 2
7.5 1 0 2011-01-09 1
9.1 0 0 2011-01-09 1
9.2 1 0 2011-01-09 1
9.5 0 0 2011-01-09 1
9.6 1 0 2011-01-09 1
11.1 0 0 2011-01-09 1
11.2 1 0 2011-01-09 1
11.4 4 0 2011-01-09 1
11.5 4 0 2011-01-09 1
11.6 6 0 2011-01-09 1
6.1 1 0 2012-10-02 1
6.4 1 0 2012-10-02 1
8.2 1 0 2012-10-02 1
8.5 0 0 2012-10-02 1
8.6 1 0 2012-10-02 1
13.1 4 0 2012-10-02 1
13.2 1 0 2012-10-02 1
