8.1 0 0 2007-09-20 1
8.2 0 0 2007-09-20 1
8.3 0 0 2007-09-20 1
8.4 0 0 2007-09-20 1
8.5 1 0 2007-09-20 1
10.5 0 0 2007-09-20 1
10.6 0 0 2007-09-20 1
16.2 4 0 2007-09-20 1
16.3 0 1 2007-09-20 1
18.3 1 0 2007-09-20 1
18.6 0 0 2007-09-20 1
18.7 0 0 2007-09-20 1
2.1 0 0 2009-06-16 2
2.2 1 0 2009-06-16 2
2.5 0 0 2009-06-16 2
2.6 1 0 2009-06-16 2
4.1 2 0 2009-06-16 2
4.2 2 0 2009-06-16 2
4.3 1 0 2009-06-16 2
4.5 1 0 2009-06-16 2
9.1 0 0 2012-10-02 1
9.2 4 0 2012-10-02 1
9.3 1 0 2012-10-02 1
9.5 1 0 2012-10-02 1
11.1 1 1 2012-10-02 1
11.4 1 0 2012-10-02 1
