2.1 0 0 2013-03-15 2
2.2 1 0 2013-03-15 2
2.5 0 0 2013-03-15 2
2.6 0 0 2013-03-15 2
4.2 0 0 2013-03-15 2
4.3 0 0 2013-03-15 2
4.4 4 0 2013-03-15 2
4.5 0 0 2013-03-15 2
4.6 0 0 2013-03-15 2
8.1 1 0 2013-03-16 2
8.3 0 0 2013-03-16 2
8.4 0 0 2013-03-16 2
8.5 1 0 2013-03-16 2
10.1 1 0 2013-03-16 2
10.3 1 0 2013-03-16 2
12.2 4 0 2013-03-16 2
12.3 0 0 2013-03-16 2
12.4 0 0 2013-03-16 2
12.5 0 0 2013-03-16 2
12.6 4 0 2013-03-16 2
0.1 1 0 2015-07-10 1
0.4 1 0 2015-07-10 1
0.6 0 0 2015-07-10 1
2.1 0 0 2015-07-10 1
2.2 1 0 2015-07-10 1
2.6 4 0 2015-07-10 1
