12.3 0 0 2013-08-23 2
12.4 4 0 2013-08-23 2
12.5 2 0 2013-08-23 2
12.6 1 0 2013-08-23 2
10.3 1 0 2013-08-24 2
9.2 1 0 2015-05-22 1
9.6 0 0 2015-05-22 1
11.1 4 0 2015-05-22 1
11.2 2 0 2015-05-22 1
11.3 1 0 2015-05-22 1
11.5 2 0 2015-05-22 1
11.6 0 0 2015-05-22 1
9.2 0 0 2015-05-24 1
9.3 1 0 2015-05-24 1
9.5 4 0 2015-05-24 1
9.6 4 0 2015-05-24 1
16.2 2 0 2015-05-24 1
16.3 1 0 2015-05-24 1
16.5 2 0 2015-05-24 1
16.6 6 0 2015-05-24 1
18.1 1 0 2015-05-24 1
18.4 1 0 2015-05-24 1
18.6 0 0 2015-05-24 1
