16.1 1 0 2008-12-28 2
16.3 6 0 2008-12-28 2
16.4 4 0 2008-12-28 2
16.5 4 0 2008-12-28 2
16.6 4 0 2008-12-28 2
18.1 1 0 2008-12-28 2
18.3 1 0 2008-12-28 2
18.6 4 0 2008-12-28 2
17.1 6 0 2012-06-30 1
17.2 0 0 2012-06-30 1
17.3 0 0 2012-06-30 1
17.4 0 0 2012-06-30 1
17.5 1 0 2012-06-30 1
19.1 4 0 2012-06-30 1
19.2 4 0 2012-06-30 1
19.3 1 0 2012-06-30 1
19.6 1 0 2012-06-30 1
16.1 2 0 2012-10-01 1
16.2 1 0 2012-10-01 1
16.4 2 0 2012-10-01 1
16.5 1 0 2012-10-01 1
17.1 2 0 2014-07-05 1
17.2 0 0 2014-07-05 1
17.3 0 0 2014-07-05 1
17.4 0 0 2014-07-05 1
17.5 0 0 2014-07-05 1
14.2 0 0 2014-07-06 1
14.3 1 0 2014-07-06 1
