0.4 0 0 2013-11-13 2
0.5 1 0 2013-11-13 2
10.1 1 0 2013-11-13 2
10.3 0 0 2013-11-13 2
10.4 1 0 2013-11-13 2
10.6 0 0 2013-11-13 2
12.1 2 0 2013-11-13 2
12.2 6 0 2013-11-13 2
12.3 1 0 2013-11-13 2
12.5 0 0 2013-11-13 2
12.6 1 0 2013-11-13 2
5.2 0 0 2013-11-20 1
5.3 1 0 2013-11-20 1
5.6 0 0 2013-11-20 1
7.1 0 0 2013-11-20 1
7.2 1 0 2013-11-20 1
7.4 1 0 2013-11-20 1
9.1 0 0 2013-11-20 1
9.2 0 0 2013-11-20 1
9.3 4 0 2013-11-20 1
9.4 0 0 2013-11-20 1
0.3 0 0 2013-11-22 2
0.4 4 0 2013-11-22 2
0.5 0 0 2013-11-22 2
0.6 0 0 2013-11-22 2
2.1 2 0 2013-11-22 2
2.2 0 0 2013-11-22 2
2.3 4 0 2013-11-22 2
2.4 1 0 2013-11-22 2
2.6 1 0 2013-11-22 2
