0.1 0 0 2007-09-22 1
0.2 0 0 2007-09-22 1
0.3 4 0 2007-09-22 1
0.4 1 0 2007-09-22 1
2.5 0 0 2007-09-22 1
2.6 0 0 2007-09-22 1
0.1 0 0 2007-10-20 2
0.2 0 1 2007-10-20 2
0.3 0 0 2007-10-20 2
0.4 1 0 2007-10-20 2
0.7 0 1 2007-10-20 2
2.5 1 0 2007-10-20 2
4.1 4 0 2007-10-20 2
4.2 5 0 2007-10-20 2
4.7 1 0 2007-10-20 2
0.1 0 1 2008-02-01 1
0.2 0 0 2008-02-01 1
0.3 0 1 2008-02-01 1
0.4 3 0 2008-02-01 1
0.8 0 0 2008-02-01 1
0.1 0 2 2012-02-01 2
0.6 4 0 2012-02-01 2
0.7 0 1 2012-02-01 2
2.5 1 0 2012-02-01 2
0.1 0 0 2012-02-03 2
0.2 4 0 2012-02-03 2
0.3 0 1 2012-02-03 2
0.4 0 0 2012-02-03 2
0.5 0 0 2012-02-03 2
0.6 1 0 2012-02-03 2
2.4 1 0 2012-02-03 2
2.6 0 0 2012-02-03 2
4.1 1 0 2012-02-03 2
4.5 0 0 2012-02-03 2
4.6 1 0 2012-02-03 2
16.1 1 0 2012-02-03 2
16.3 1 0 2012-02-03 2
16.6 0 0 2012-02-03 2
