0.1 0 1 2007-09-19 1
0.2 0 0 2007-09-19 1
0.3 0 0 2007-09-19 1
0.4 1 0 2007-09-19 1
3.1 1 0 2007-09-19 1
3.3 2 0 2007-09-19 1
3.4 2 0 2007-09-19 1
3.5 0 0 2007-09-19 1
3.6 0 0 2007-09-19 1
8.3 1 0 2007-09-19 1
8.6 4 0 2007-09-19 1
12.1 1 0 2007-09-19 1
12.3 1 0 2007-09-19 1
12.5 0 1 2007-09-19 1
12.6 2 0 2007-09-19 1
12.7 1 0 2007-09-19 1
0.1 0 0 2009-06-14 2
0.2 1 0 2009-06-14 2
0.8 0 0 2009-06-14 2
2.1 4 0 2009-06-14 2
2.2 4 0 2009-06-14 2
2.3 1 0 2009-06-14 2
2.6 0 0 2009-06-14 2
5.1 0 0 2009-06-14 2
5.2 0 0 2009-06-14 2
5.3 4 0 2009-06-14 2
5.4 1 0 2009-06-14 2
