1.1 1 0 2007-09-22 1
1.3 0 0 2007-09-22 1
1.4 0 0 2007-09-22 1
1.5 1 0 2007-09-22 1
3.2 0 0 2007-09-22 1
3.3 4 0 2007-09-22 1
3.4 0 0 2007-09-22 1
3.5 4 0 2007-09-22 1
3.6 0 0 2007-09-22 1
1.1 4 0 2007-10-20 2
1.2 0 4 2007-10-20 2
1.3 0 0 2007-10-20 2
1.4 0 0 2007-10-20 2
1.5 4 0 2007-10-20 2
1.6 0 0 2007-10-20 2
13.1 0 0 2007-10-20 2
13.2 4 0 2007-10-20 2
13.3 0 1 2007-10-20 2
13.4 0 0 2007-10-20 2
13.5 0 0 2007-10-20 2
13.6 5 0 2007-10-20 2
1.2 2 0 2008-02-01 1
1.3 4 0 2008-02-01 1
1.4 0 0 2008-02-01 1
