7.6 0 0 2007-06-28 2
12.1 1 0 2007-06-28 2
12.4 2 0 2007-06-28 2
12.5 1 0 2007-06-28 2
14.2 2 0 2007-06-28 2
14.3 1 0 2007-06-28 2
14.5 2 0 2007-06-28 2
14.6 1 0 2007-06-28 2
16.2 2 0 2007-06-28 2
16.3 0 1 2007-06-28 2
16.5 4 0 2007-06-28 2
16.6 6 0 2007-06-28 2
8.2 1 0 2007-06-29 2
10.3 1 0 2007-06-29 2
10.6 0 0 2007-06-29 2
12.1 0 0 2007-06-29 2
12.2 2 0 2007-06-29 2
12.3 1 0 2007-06-29 2
12.5 2 0 2007-06-29 2
12.6 1 0 2007-06-29 2
12.3 1 0 2009-03-15 1
12.5 0 0 2009-03-15 1
12.2 1 0 2009-06-15 1
12.4 1 0 2009-06-15 1
14.4 1 0 2009-06-15 1
7.1 1 0 2010-05-03 1
7.3 1 0 2010-05-03 1
9.2 0 0 2010-05-03 1
9.3 0 0 2010-05-03 1
