3.1 4 0 2009-06-11 2
3.2 1 0 2009-06-11 2
3.4 1 0 2009-06-11 2
5.5 1 0 2009-06-11 2
15.1 1 0 2009-06-11 2
15.6 4 0 2009-06-11 2
2.1 6 0 2010-05-08 2
2.2 1 0 2010-05-08 2
2.4 1 0 2010-05-08 2
4.1 0 0 2010-05-08 2
5.1 1 0 2012-09-08 2
5.3 0 0 2012-09-08 2
5.4 0 0 2012-09-08 2
5.5 4 0 2012-09-08 2
5.6 0 0 2012-09-08 2
8.5 0 0 2012-09-08 2
8.6 0 0 2012-09-08 2
14.2 0 0 2012-09-08 2
14.3 1 0 2012-09-08 2
16.4 4 0 2012-09-08 2
16.5 1 0 2012-09-08 2
7.5 2 0 2012-09-10 1
7.6 4 0 2012-09-10 1
7.7 2 0 2012-09-10 1
