7.1 0 0 2007-09-18 1
7.2 0 0 2007-09-18 1
7.3 0 0 2007-09-18 1
7.4 0 0 2007-09-18 1
7.5 0 0 2007-09-18 1
7.6 1 0 2007-09-18 1
9.1 6 0 2007-09-18 1
9.2 6 0 2007-09-18 1
9.3 6 0 2007-09-18 1
9.4 0 0 2007-09-18 1
9.5 1 0 2007-09-18 1
12.2 0 0 2007-09-18 1
12.3 4 0 2007-09-18 1
12.4 1 0 2007-09-18 1
6.3 0 2 2008-02-05 2
6.4 0 0 2008-02-05 2
6.5 0 4 2008-02-05 2
6.6 0 0 2008-02-05 2
8.3 0 0 2008-02-05 2
8.4 0 0 2008-02-05 2
6.1 0 0 2008-02-07 2
6.2 1 0 2008-02-07 2
6.4 1 0 2008-02-07 2
6.6 0 0 2008-02-07 2
8.1 0 0 2008-02-07 2
8.2 1 0 2008-02-07 2
8.4 6 0 2008-02-07 2
8.5 1 0 2008-02-07 2
10.2 0 0 2008-02-07 2
12.2 0 1 2008-06-13 1
12.5 0 0 2008-06-13 1
12.6 0 0 2008-06-13 1
14.1 0 0 2008-06-13 1
14.2 0 0 2008-06-13 1
14.3 1 0 2008-06-13 1
