13.1 1 0 2005-10-21 2
13.4 1 0 2005-10-21 2
13.6 0 0 2005-10-21 2
15.1 1 0 2005-10-21 2
15.5 0 0 2005-10-21 2
15.6 1 0 2005-10-21 2
10.1 1 0 2007-09-19 1
10.4 0 0 2007-09-19 1
10.5 0 0 2007-09-19 1
10.6 2 0 2007-09-19 1
12.1 0 0 2007-09-19 1
6.5 0 0 2007-11-23 1
6.6 0 1 2007-11-23 1
6.7 2 0 2007-11-23 1
8.1 0 0 2007-11-23 1
8.2 4 0 2007-11-23 1
8.3 4 0 2007-11-23 1
8.4 0 0 2007-11-23 1
8.5 0 0 2007-11-23 1
8.6 1 0 2007-11-23 1
10.1 1 0 2007-11-23 1
10.4 0 1 2007-11-23 1
10.5 1 0 2007-11-23 1
12.1 1 0 2007-11-23 1
12.5 0 0 2007-11-23 1
12.6 2 0 2007-11-23 1
