8.1 1 0 2007-09-22 1
8.3 2 0 2007-09-22 1
8.4 4 0 2007-09-22 1
8.5 1 0 2007-09-22 1
10.2 1 0 2007-09-22 1
12.2 0 1 2007-09-22 1
12.3 0 1 2007-09-22 1
12.7 1 0 2007-09-22 1
7.3 0 0 2009-06-13 1
7.4 0 0 2009-06-13 1
7.5 1 0 2009-06-13 1
9.1 0 0 2009-06-13 1
9.2 1 0 2009-06-13 1
9.4 0 0 2009-06-13 1
9.5 0 0 2009-06-13 1
9.6 1 0 2009-06-13 1
11.2 1 0 2009-06-13 1
11.5 2 0 2009-06-13 1
11.6 3 0 2009-06-13 1
12.1 2 0 2009-11-13 2
12.2 0 0 2009-11-13 2
12.3 1 0 2009-11-13 2
12.5 0 1 2009-11-13 2
14.2 1 0 2009-11-13 2
14.5 4 0 2009-11-13 2
14.6 0 0 2009-11-13 2
10.1 0 0 2010-05-08 1
10.2 1 0 2010-05-08 1
10.4 1 0 2010-05-08 1
10.6 2 0 2010-05-08 1
12.2 1 0 2010-05-08 1
12.7 1 0 2010-05-08 1
14.1 6 0 2010-05-08 1
14.2 4 0 2010-05-08 1
14.3 0 0 2010-05-08 1
14.4 0 0 2010-05-08 1
12.2 0 0 2010-12-28 1
12.3 0 0 2010-12-28 1
12.4 1 0 2010-12-28 1
11.1 1 0 2010-12-30 2
11.3 1 0 2010-12-30 2
11.5 1 0 2010-12-30 2
13.2 2 0 2010-12-30 2
13.3 4 0 2010-12-30 2
13.4 0 0 2010-12-30 2
