0.3 0 0 2011-09-23 1
0.4 0 0 2011-09-23 1
0.5 2 0 2011-09-23 1
0.6 1 0 2011-09-23 1
2.1 4 0 2011-09-23 1
2.2 0 1 2011-09-23 1
2.3 6 0 2011-09-23 1
2.4 4 0 2011-09-23 1
2.5 0 0 2011-09-23 1
2.6 6 0 2011-09-23 1
2.7 1 0 2011-09-23 1
0.5 0 0 2011-09-25 1
0.6 1 0 2011-09-25 1
2.3 0 0 2011-09-25 1
2.4 1 0 2011-09-25 1
4.6 0 0 2014-03-09 1
0.1 0 0 2014-03-11 2
0.2 0 0 2014-03-11 2
0.3 2 0 2014-03-11 2
0.4 4 0 2014-03-11 2
0.5 0 0 2014-03-11 2
0.6 6 0 2014-03-11 2
2.1 1 0 2014-03-11 2
2.4 6 0 2014-03-11 2
2.5 0 0 2014-03-11 2
2.6 6 0 2014-03-11 2
