4.1 0 0 2011-09-23 1
4.2 0 0 2011-09-23 1
4.3 1 0 2011-09-23 1
3.1 0 0 2011-09-25 1
3.2 4 0 2011-09-25 1
3.3 0 0 2011-09-25 1
3.4 0 0 2011-09-25 1
1.3 0 0 2012-06-24 1
1.4 0 0 2012-06-24 1
1.5 4 0 2012-06-24 1
1.6 0 0 2012-06-24 1
3.1 4 0 2012-06-24 1
3.2 0 0 2012-06-24 1
3.3 0 0 2012-06-24 1
3.4 0 0 2012-06-24 1
3.5 0 0 2012-06-24 1
3.6 1 0 2012-06-24 1
1.4 0 0 2014-03-09 1
1.5 4 0 2014-03-09 1
1.6 0 0 2014-03-09 1
3.2 4 0 2014-03-09 1
3.3 0 0 2014-03-09 1
3.4 1 0 2014-03-09 1
3.6 0 0 2014-03-09 1
1.3 0 0 2014-03-11 2
1.4 0 0 2014-03-11 2
1.5 1 0 2014-03-11 2
4.1 0 0 2014-03-11 2
4.2 4 0 2014-03-11 2
4.3 0 0 2014-03-11 2
0.1 0 0 2014-03-13 2
