5.2 2 0 2012-07-01 2
5.3 0 0 2012-07-01 2
5.4 0 0 2012-07-01 2
5.5 4 0 2012-07-01 2
5.6 0 0 2012-07-01 2
0.1 1 0 2014-07-05 2
0.5 0 0 2014-07-05 2
0.6 0 0 2014-07-05 2
2.1 1 0 2014-07-05 2
2.5 0 0 2014-07-05 2
2.6 4 0 2014-07-05 2
5.3 1 0 2014-07-05 2
5.5 1 0 2014-07-05 2
0.1 0 0 2014-07-06 2
0.2 0 0 2014-07-06 2
0.3 0 0 2014-07-06 2
0.4 1 0 2014-07-06 2
2.2 0 0 2014-07-06 2
2.3 4 0 2014-07-06 2
2.4 1 0 2014-07-06 2
2.6 2 0 2014-07-06 2
7.1 2 0 2014-07-06 2
7.2 0 0 2014-07-06 2
7.3 4 0 2014-07-06 2
7.4 1 0 2014-07-06 2
7.6 1 0 2014-07-06 2
