16.1 0 0 2012-02-17 2
16.2 2 0 2012-02-17 2
16.3 0 1 2012-02-17 2
16.6 4 0 2012-02-17 2
16.7 0 0 2012-02-17 2
13.1 1 0 2012-02-19 1
13.6 0 0 2012-02-19 1
17.1 6 0 2012-02-19 1
17.2 4 0 2012-02-19 1
17.3 2 0 2012-02-19 1
17.4 1 0 2012-02-19 1
15.1 0 0 2012-02-22 2
15.2 0 1 2012-02-22 2
15.3 0 0 2012-02-22 2
4.1 4 0 2014-03-24 2
4.2 1 0 2014-03-24 2
4.4 0 0 2014-03-24 2
4.5 4 0 2014-03-24 2
4.6 6 0 2014-03-24 2
11.1 1 0 2014-03-24 2
11.6 0 0 2014-03-24 2
3.2 4 0 2015-08-14 1
3.3 1 0 2015-08-14 1
3.5 4 0 2015-08-14 1
3.6 3 0 2015-08-14 1
5.3 4 0 2015-08-14 1
5.4 4 0 2015-08-14 1
5.5 1 0 2015-08-14 1
