1.2 2 0 2014-01-29 1
1.3 0 0 2014-01-29 1
1.4 0 0 2014-01-29 1
1.5 6 0 2014-01-29 1
1.6 0 0 2014-01-29 1
4.5 0 0 2014-01-29 1
4.6 1 0 2014-01-29 1
1.1 4 0 2014-01-31 2
1.2 0 0 2014-01-31 2
1.3 4 0 2014-01-31 2
1.4 2 0 2014-01-31 2
1.5 1 0 2014-01-31 2
4.1 0 0 2014-01-31 2
4.2 4 0 2014-01-31 2
4.3 0 0 2014-01-31 2
4.4 4 0 2014-01-31 2
4.5 0 0 2014-01-31 2
4.6 4 0 2014-01-31 2
9.1 0 0 2014-02-02 1
9.2 2 0 2014-02-02 1
9.3 0 0 2014-02-02 1
9.4 1 0 2014-02-02 1
9.6 1 0 2014-02-02 1
11.2 1 0 2014-02-02 1
