11.1 1 0 2009-03-27 1
11.3 0 0 2009-03-27 1
11.4 0 0 2009-03-27 1
11.5 0 0 2009-03-27 1
11.6 2 0 2009-03-27 1
15.3 0 0 2009-03-27 1
15.4 0 0 2009-03-27 1
15.5 6 0 2009-03-27 1
15.6 0 0 2009-03-27 1
11.1 1 0 2009-03-29 2
11.5 0 0 2009-03-29 2
11.6 1 0 2009-03-29 2
13.1 1 0 2009-03-29 2
13.3 0 0 2009-03-29 2
13.4 0 0 2009-03-29 2
13.5 6 0 2009-03-29 2
13.6 1 0 2009-03-29 2
14.1 0 0 2011-10-13 2
14.2 0 0 2011-10-13 2
14.3 1 0 2011-10-13 2
14.5 2 0 2011-10-13 2
14.6 0 0 2011-10-13 2
16.1 6 0 2011-10-13 2
16.2 0 0 2011-10-13 2
13.6 0 0 2012-09-30 2
16.2 1 0 2012-09-30 2
16.6 4 0 2012-09-30 2
8.5 0 0 2014-11-09 2
8.6 0 0 2014-11-09 2
8.7 1 0 2014-11-09 2
10.3 1 0 2014-11-09 2
12.1 1 0 2014-11-09 2
12.3 0 0 2014-11-09 2
12.4 1 0 2014-11-09 2
12.6 1 0 2014-11-09 2
