16.5 1 0 2010-05-02 1
18.1 2 0 2010-05-02 1
18.2 0 0 2010-05-02 1
13.1 0 0 2010-05-14 2
13.2 0 3 2010-05-14 2
13.3 0 0 2010-05-14 2
13.4 0 0 2010-05-14 2
13.5 2 0 2010-05-14 2
13.6 0 0 2010-05-14 2
13.7 0 0 2010-05-14 2
11.1 1 0 2010-07-05 2
11.4 0 0 2010-07-05 2
11.5 1 0 2010-07-05 2
13.2 0 0 2010-07-05 2
13.3 2 0 2010-07-05 2
13.4 0 0 2010-07-05 2
13.5 4 0 2010-07-05 2
13.6 6 0 2010-07-05 2
12.1 0 0 2012-09-05 1
12.2 0 0 2012-09-05 1
12.3 0 0 2012-09-05 1
12.4 2 0 2012-09-05 1
12.5 0 0 2012-09-05 1
12.6 0 1 2012-09-05 1
12.7 1 0 2012-09-05 1
14.2 0 0 2012-09-05 1
14.3 0 0 2012-09-05 1
14.4 1 0 2012-09-05 1
14.6 1 0 2012-09-05 1
17.2 0 0 2012-09-05 1
10.3 0 0 2012-09-07 2
10.4 2 0 2012-09-07 2
10.5 1 0 2012-09-07 2
16.2 0 1 2012-09-10 1
16.6 0 0 2012-09-10 1
9.4 1 0 2012-10-02 2
