15.2 6 0 2009-08-30 1
15.3 2 0 2009-08-30 1
15.4 1 0 2009-08-30 1
15.6 1 0 2009-08-30 1
18.1 0 1 2009-08-30 1
18.2 0 0 2009-08-30 1
0.1 3 0 2014-01-29 1
0.4 0 0 2014-01-29 1
0.5 0 0 2014-01-29 1
0.6 0 0 2014-01-29 1
2.4 0 0 2014-01-29 1
2.5 2 0 2014-01-29 1
2.6 1 0 2014-01-29 1
10.3 1 0 2014-01-29 1
10.5 4 0 2014-01-29 1
10.6 1 0 2014-01-29 1
0.1 0 0 2014-01-31 2
0.2 4 0 2014-01-31 2
0.3 4 0 2014-01-31 2
0.4 0 0 2014-01-31 2
0.5 4 0 2014-01-31 2
0.6 1 0 2014-01-31 2
2.2 1 0 2014-01-31 2
10.1 1 0 2014-01-31 2
10.6 0 0 2014-01-31 2
0.1 0 0 2014-02-02 1
0.2 0 0 2014-02-02 1
0.3 1 0 2014-02-02 1
0.5 1 0 2014-02-02 1
2.1 0 0 2014-02-02 1
2.2 4 0 2014-02-02 1
2.3 4 0 2014-02-02 1
2.4 1 0 2014-02-02 1
2.6 0 0 2014-02-02 1
8.3 1 0 2014-02-02 1
