16.2 4 0 2009-01-13 2
16.3 4 0 2009-01-13 2
16.4 4 0 2009-01-13 2
16.5 4 0 2009-01-13 2
16.6 2 0 2009-01-13 2
14.1 1 0 2009-03-27 1
14.3 1 0 2009-03-27 1
16.1 1 0 2011-10-16 1
16.3 1 0 2011-10-16 1
4.5 0 0 2014-03-14 2
2.4 1 0 2014-11-05 1
2.6 1 0 2014-11-05 1
5.1 0 0 2014-11-05 1
5.2 1 0 2014-11-05 1
5.6 0 0 2014-11-05 1
12.3 0 0 2014-11-07 2
12.4 1 0 2014-11-07 2
9.1 4 0 2014-11-09 2
9.2 1 0 2014-11-09 2
9.6 4 0 2014-11-09 2
14.3 6 0 2014-11-09 2
14.4 1 0 2014-11-09 2
18.1 1 0 2014-11-09 2
18.5 1 0 2014-11-09 2
