14.4 1 0 2009-01-11 1
14.6 0 0 2009-01-11 1
15.1 1 0 2009-01-13 2
15.5 1 0 2009-01-13 2
10.1 0 0 2009-03-27 1
10.2 0 0 2009-03-27 1
10.3 1 0 2009-03-27 1
10.6 1 0 2009-03-27 1
13.2 0 0 2009-03-27 1
13.3 0 0 2009-03-27 1
13.4 1 0 2009-03-27 1
13.6 1 0 2009-03-27 1
10.4 0 0 2009-03-29 2
10.5 0 0 2009-03-29 2
10.6 1 0 2009-03-29 2
12.1 4 0 2009-03-29 2
12.2 0 0 2009-03-29 2
12.3 4 0 2009-03-29 2
12.4 0 0 2009-03-29 2
12.5 0 0 2009-03-29 2
12.6 1 0 2009-03-29 2
15.2 1 0 2009-03-29 2
15.5 0 0 2009-03-29 2
15.6 0 0 2009-03-29 2
10.4 1 0 2011-10-13 2
12.4 1 0 2011-10-13 2
10.2 1 0 2011-10-16 1
10.5 0 0 2011-10-16 1
10.6 1 0 2011-10-16 1
12.1 1 0 2011-10-16 1
12.3 1 0 2011-10-16 1
12.5 0 1 2011-10-16 1
12.6 1 0 2011-10-16 1
14.1 0 0 2011-10-16 1
14.2 4 0 2011-10-16 1
14.3 1 0 2011-10-16 1
14.5 1 0 2011-10-16 1
15.2 0 0 2012-09-30 2
15.3 1 0 2012-09-30 2
15.5 0 0 2012-09-30 2
15.6 4 0 2012-09-30 2
17.2 1 0 2012-09-30 2
17.4 6 0 2012-09-30 2
