1.3 1 0 2013-08-02 1
3.1 0 0 2013-08-02 1
3.2 0 1 2013-08-02 1
3.3 1 0 2013-08-02 1
3.7 0 0 2013-08-02 1
5.1 4 0 2013-08-02 1
5.2 0 0 2013-08-02 1
5.3 0 0 2013-08-02 1
3.1 0 0 2013-08-04 1
3.2 1 0 2013-08-04 1
5.1 0 0 2013-08-04 1
5.2 0 0 2013-08-04 1
5.3 0 0 2013-08-04 1
5.4 0 0 2013-08-04 1
5.5 1 0 2013-08-04 1
3.1 0 0 2013-08-06 1
3.2 0 0 2013-08-06 1
3.3 4 0 2013-08-06 1
3.4 0 0 2013-08-06 1
3.5 0 0 2013-08-06 1
3.6 1 0 2013-08-06 1
5.1 2 0 2013-08-06 1
5.2 0 0 2013-08-06 1
5.3 1 0 2013-08-06 1
5.6 1 0 2013-08-06 1
13.1 1 0 2013-08-06 1
13.4 0 0 2013-08-06 1
13.5 0 1 2013-08-06 1
13.6 0 0 2013-08-06 1
13.7 0 0 2013-08-06 1
15.2 0 0 2013-08-06 1
15.3 1 0 2013-08-06 1
15.6 2 0 2013-08-06 1
