5.1 1 0 2013-11-13 2
5.3 0 0 2013-11-13 2
5.4 0 0 2013-11-13 2
5.5 0 0 2013-11-13 2
5.6 0 0 2013-11-13 2
7.1 0 0 2013-11-13 2
7.2 0 0 2013-11-13 2
7.3 0 0 2013-11-13 2
7.4 0 0 2013-11-13 2
7.5 1 0 2013-11-13 2
9.1 0 0 2013-11-13 2
9.2 0 0 2013-11-13 2
9.3 0 0 2013-11-13 2
9.4 0 0 2013-11-13 2
9.5 0 0 2013-11-13 2
9.6 2 0 2013-11-13 2
13.2 1 0 2013-11-13 2
13.6 0 0 2013-11-13 2
12.2 0 0 2013-11-15 1
12.3 1 0 2013-11-15 1
12.5 6 0 2013-11-15 1
12.6 1 0 2013-11-15 1
14.1 0 0 2013-11-15 1
14.2 1 0 2013-11-15 1
14.5 0 0 2013-11-15 1
14.6 0 0 2013-11-15 1
18.1 1 0 2013-11-15 1
18.3 2 0 2013-11-15 1
18.4 1 0 2013-11-15 1
