6.2 0 0 2013-11-13 2
6.3 0 0 2013-11-13 2
6.4 4 0 2013-11-13 2
6.5 1 0 2013-11-13 2
8.1 1 0 2013-11-13 2
8.3 0 0 2013-11-13 2
8.4 0 1 2013-11-13 2
8.6 1 0 2013-11-13 2
14.3 1 0 2013-11-13 2
7.1 1 0 2013-11-15 1
7.6 1 0 2013-11-15 1
9.5 1 0 2013-11-15 1
11.1 2 0 2013-11-15 1
11.2 0 0 2013-11-15 1
11.3 4 0 2013-11-15 1
11.4 1 0 2013-11-15 1
11.6 6 0 2013-11-15 1
16.1 0 0 2013-11-15 1
16.2 0 0 2013-11-15 1
16.3 2 0 2013-11-15 1
16.4 0 1 2013-11-15 1
16.5 6 0 2013-11-15 1
16.6 2 0 2013-11-15 1
16.7 2 0 2013-11-15 1
8.1 1 0 2013-11-20 1
8.3 0 0 2013-11-20 1
8.4 1 0 2013-11-20 1
8.6 0 0 2013-11-20 1
10.3 1 0 2013-11-20 1
10.5 1 0 2013-11-20 1
12.3 1 0 2013-11-20 1
12.5 1 0 2013-11-20 1
14.1 0 0 2013-11-20 1
14.2 1 0 2013-11-20 1
7.2 0 1 2013-11-22 2
7.5 0 0 2013-11-22 2
7.6 1 0 2013-11-22 2
9.1 1 0 2013-11-22 2
9.3 2 0 2013-11-22 2
9.4 0 0 2013-11-22 2
