7.1 1 0 2007-09-20 2
7.5 0 0 2007-09-20 2
7.6 0 0 2007-09-20 2
9.6 1 0 2007-09-20 2
11.4 0 0 2007-09-20 2
11.5 1 0 2007-09-20 2
13.1 1 0 2007-09-20 2
13.3 1 0 2007-09-20 2
13.6 0 0 2007-09-20 2
7.1 0 0 2010-05-01 1
7.2 1 0 2010-05-01 1
7.4 0 0 2010-05-01 1
7.5 0 0 2010-05-01 1
7.6 4 0 2010-05-01 1
9.1 4 0 2010-05-01 1
9.2 2 0 2010-05-01 1
9.3 0 0 2010-05-01 1
9.4 1 0 2010-05-01 1
9.6 1 0 2010-05-01 1
15.2 1 0 2010-05-01 1
15.4 1 0 2010-05-01 1
17.1 2 0 2010-05-01 1
17.2 1 0 2010-05-01 1
17.5 1 0 2010-05-01 1
