1.1 0 1 2010-05-02 2
1.2 0 0 2010-05-02 2
1.3 2 0 2010-05-02 2
1.4 1 0 2010-05-02 2
3.1 0 0 2010-05-02 2
3.2 0 0 2010-05-02 2
1.1 1 0 2010-05-14 1
1.4 0 0 2010-05-14 1
1.5 0 1 2010-05-14 1
1.6 0 0 2010-05-14 1
1.7 0 0 2010-05-14 1
3.1 0 0 2010-05-14 1
3.2 0 0 2010-05-14 1
3.3 4 0 2010-05-14 1
3.4 4 0 2010-05-14 1
3.5 1 0 2010-05-14 1
1.5 0 0 2010-07-05 1
1.6 0 0 2010-07-05 1
1.7 0 0 2010-07-05 1
1.8 0 0 2010-07-05 1
4.1 1 0 2010-07-05 1
1.1 0 1 2010-07-06 1
1.2 1 0 2010-07-06 1
5.1 0 0 2010-07-06 1
5.2 0 0 2010-07-06 1
5.3 4 0 2010-07-06 1
5.4 0 1 2010-07-06 1
5.5 0 1 2010-07-06 1
5.6 1 0 2010-07-06 1
