2.1 4 0 2009-06-09 1
2.2 0 0 2009-06-09 1
2.3 0 0 2009-06-09 1
2.4 0 0 2009-06-09 1
2.5 1 0 2009-06-09 1
2.1 0 0 2010-05-02 2
2.2 4 0 2010-05-02 2
2.3 0 0 2010-05-02 2
2.4 4 0 2010-05-02 2
2.5 4 0 2010-05-02 2
2.6 0 2 2010-05-02 2
0.1 0 0 2010-07-05 1
0.2 0 0 2010-07-05 1
0.3 0 1 2010-07-05 1
0.4 1 0 2010-07-05 1
2.2 0 5 2010-07-05 1
2.3 1 0 2010-07-05 1
2.2 0 0 2010-07-06 1
2.3 0 0 2010-07-06 1
2.4 4 0 2010-07-06 1
2.5 2 0 2010-07-06 1
2.6 0 0 2010-07-06 1
4.1 0 0 2010-07-06 1
4.2 0 0 2010-07-06 1
4.3 4 0 2010-07-06 1
4.4 1 0 2010-07-06 1
