4.1 0 0 2007-09-18 2
4.2 2 0 2007-09-18 2
4.3 0 0 2007-09-18 2
4.4 0 0 2007-09-18 2
4.5 0 0 2007-09-18 2
4.6 0 1 2007-09-18 2
4.7 0 1 2007-09-18 2
4.8 0 0 2007-09-18 2
6.3 0 1 2007-09-18 2
6.4 4 0 2007-09-18 2
6.5 0 0 2007-09-18 2
4.1 0 0 2010-05-14 1
4.2 0 0 2010-05-14 1
4.3 4 0 2010-05-14 1
4.4 0 0 2010-05-14 1
4.5 1 0 2010-05-14 1
7.1 4 0 2010-05-14 1
7.2 1 0 2010-05-14 1
9.1 0 0 2010-05-14 1
9.2 1 0 2010-05-14 1
9.5 0 1 2010-05-14 1
9.6 1 0 2010-05-14 1
3.1 1 0 2010-07-05 1
3.3 0 0 2010-07-05 1
3.4 1 0 2010-07-05 1
5.1 0 0 2010-07-05 1
5.2 0 0 2010-07-05 1
5.3 4 0 2010-07-05 1
5.4 0 0 2010-07-05 1
5.5 2 0 2010-07-05 1
5.6 1 0 2010-07-05 1
3.3 4 0 2010-07-06 1
3.4 0 0 2010-07-06 1
3.5 4 0 2010-07-06 1
3.6 1 0 2010-07-06 1
