8.2 0 0 2010-04-30 2
8.3 1 0 2010-04-30 2
10.1 0 0 2010-04-30 2
10.2 0 0 2010-04-30 2
10.3 0 0 2010-04-30 2
10.4 2 0 2010-04-30 2
10.5 0 0 2010-04-30 2
10.6 2 0 2010-04-30 2
6.3 0 0 2012-09-24 1
6.4 4 0 2012-09-24 1
6.5 0 0 2012-09-24 1
6.6 1 0 2012-09-24 1
8.2 1 0 2012-09-24 1
8.4 1 0 2012-09-24 1
8.6 1 0 2012-09-24 1
8.3 0 0 2014-02-21 2
8.4 1 0 2014-02-21 2
10.6 1 0 2014-02-21 2
12.1 1 0 2014-02-21 2
12.3 4 0 2014-02-21 2
12.4 1 0 2014-02-21 2
12.6 1 0 2014-02-21 2
14.2 4 0 2014-02-21 2
14.3 0 0 2014-02-21 2
14.4 1 0 2014-02-21 2
14.6 1 0 2014-02-21 2
