14.2 0 1 2009-08-12 2
14.3 1 0 2009-08-12 2
14.6 1 0 2009-08-12 2
14.8 1 0 2009-08-12 2
10.2 0 0 2011-11-25 1
10.3 1 0 2011-11-25 1
10.5 0 0 2011-11-25 1
10.6 1 0 2011-11-25 1
12.1 1 0 2011-11-25 1
12.3 1 0 2011-11-25 1
12.5 0 0 2011-11-25 1
12.6 1 0 2011-11-25 1
8.1 0 0 2012-06-01 1
8.2 2 0 2012-06-01 1
8.3 0 1 2012-06-01 1
10.1 0 0 2012-06-01 1
10.2 0 0 2012-06-01 1
10.3 1 0 2012-06-01 1
10.6 1 0 2012-06-01 1
9.2 1 0 2013-12-11 1
9.4 0 0 2013-12-11 1
9.5 1 0 2013-12-11 1
11.3 1 0 2013-12-11 1
11.6 1 0 2013-12-11 1
14.1 0 0 2013-12-11 1
14.2 1 0 2013-12-11 1
14.4 0 0 2013-12-11 1
14.5 1 0 2013-12-11 1
6.3 1 0 2015-07-30 2
6.6 1 0 2015-07-30 2
8.2 1 0 2015-07-30 2
8.4 0 0 2015-07-30 2
8.5 1 0 2015-07-30 2
