17.2 1 0 2009-06-12 1
17.4 1 0 2009-06-12 1
13.3 0 0 2009-06-21 1
13.4 1 0 2009-06-21 1
13.6 1 0 2009-06-21 1
15.2 1 0 2009-06-21 1
17.1 0 0 2009-06-21 1
17.2 0 0 2009-06-21 1
17.3 1 0 2009-06-21 1
17.6 4 0 2009-06-21 1
13.3 0 0 2009-08-12 2
13.4 0 0 2009-08-12 2
13.5 1 0 2009-08-12 2
15.1 1 0 2009-08-12 2
15.3 4 0 2009-08-12 2
15.4 0 0 2009-08-12 2
13.1 1 0 2011-11-25 1
13.3 1 0 2011-11-25 1
15.1 0 0 2011-11-25 1
15.2 0 0 2011-11-25 1
12.2 0 0 2012-06-01 1
12.3 0 0 2012-06-01 1
12.4 0 0 2012-06-01 1
12.5 0 0 2012-06-01 1
15.2 2 0 2012-06-03 2
15.3 1 0 2012-06-03 2
17.1 1 0 2012-06-03 2
17.6 1 0 2012-06-03 2
18.2 1 0 2012-10-04 1
18.4 1 0 2012-10-04 1
18.7 1 0 2012-10-04 1
13.3 1 0 2013-12-11 1
13.6 1 0 2013-12-11 1
15.1 1 0 2013-12-11 1
15.4 4 0 2013-12-11 1
15.5 1 0 2013-12-11 1
18.2 1 0 2013-12-11 1
18.4 1 0 2013-12-11 1
