4.4 1 0 2010-05-04 2
6.1 1 0 2010-05-04 2
6.3 1 0 2010-05-04 2
6.5 1 0 2010-05-04 2
7.1 1 0 2011-10-15 2
7.3 0 0 2011-10-15 2
7.4 1 0 2011-10-15 2
9.1 4 0 2011-10-15 2
9.2 0 0 2011-10-15 2
9.3 1 0 2011-10-15 2
6.6 1 0 2011-10-17 1
8.1 6 0 2011-10-17 1
8.2 1 0 2011-10-17 1
8.4 3 0 2011-10-17 1
12.2 1 0 2011-10-17 1
12.6 4 0 2011-10-17 1
6.1 1 0 2012-02-11 2
6.4 0 0 2012-02-11 2
6.5 6 0 2012-02-11 2
6.6 0 0 2012-02-11 2
10.1 0 1 2012-02-11 2
10.2 2 0 2012-02-11 2
10.3 1 0 2012-02-11 2
10.5 0 0 2012-02-11 2
10.6 0 0 2012-02-11 2
10.7 1 0 2012-02-11 2
0.1 1 0 2015-08-09 1
