1.1 1 0 2012-02-17 2
1.4 4 0 2012-02-17 2
1.5 1 0 2012-02-17 2
3.1 1 0 2012-02-17 2
3.6 1 0 2012-02-17 2
5.1 0 0 2012-02-17 2
5.2 6 0 2012-02-17 2
5.3 1 0 2012-02-17 2
5.5 6 0 2012-02-17 2
5.6 0 0 2012-02-17 2
1.1 0 0 2012-02-19 1
1.2 1 0 2012-02-19 1
1.6 0 1 2012-02-19 1
1.7 0 0 2012-02-19 1
3.2 4 0 2012-02-19 1
3.3 4 0 2012-02-19 1
3.4 0 0 2012-02-19 1
3.5 1 0 2012-02-19 1
5.5 4 0 2012-02-19 1
5.6 0 0 2012-02-19 1
1.1 0 0 2014-03-24 2
1.2 0 0 2014-03-24 2
1.3 1 0 2014-03-24 2
1.5 1 0 2014-03-24 2
3.1 0 0 2014-03-24 2
3.2 1 0 2014-03-24 2
3.6 0 0 2014-03-24 2
5.1 0 0 2014-03-24 2
5.2 0 0 2014-03-24 2
5.3 4 0 2014-03-24 2
5.4 4 0 2014-03-24 2
5.5 0 0 2014-03-24 2
5.6 4 0 2014-03-24 2
