3.1 0 0 2010-05-04 2
3.2 0 1 2010-05-04 2
3.3 1 0 2010-05-04 2
3.5 0 0 2010-05-04 2
3.6 0 0 2010-05-04 2
3.7 0 0 2010-05-04 2
5.4 1 0 2010-05-04 2
7.6 0 1 2010-05-04 2
7.7 0 0 2010-05-04 2
7.8 0 0 2010-05-04 2
1.3 1 0 2011-10-15 2
1.6 2 0 2011-10-15 2
3.1 1 0 2011-10-15 2
3.3 0 0 2011-10-15 2
3.4 0 0 2011-10-15 2
3.5 1 0 2011-10-15 2
5.1 6 0 2011-10-15 2
5.2 1 0 2011-10-15 2
13.1 0 0 2011-10-15 2
13.2 1 0 2011-10-15 2
4.2 0 1 2011-10-17 1
4.3 0 0 2011-10-17 1
4.4 1 0 2011-10-17 1
4.6 0 0 2011-10-17 1
4.7 1 0 2011-10-17 1
7.1 0 0 2011-10-17 1
7.2 0 0 2011-10-17 1
7.3 1 0 2011-10-17 1
7.6 0 1 2011-10-17 1
10.4 1 0 2011-10-17 1
13.4 0 0 2011-10-17 1
13.5 0 1 2011-10-17 1
5.2 4 0 2012-02-11 2
5.3 1 0 2012-02-11 2
5.6 1 0 2012-02-11 2
7.3 0 0 2012-02-11 2
7.4 6 0 2012-02-11 2
7.5 4 0 2012-02-11 2
7.6 2 0 2012-02-11 2
13.2 0 0 2012-02-11 2
13.3 2 0 2012-02-11 2
13.4 1 0 2012-02-11 2
13.6 1 0 2012-02-11 2
15.2 1 0 2012-02-11 2
15.4 1 0 2012-02-11 2
