0.1 0 1 2011-10-15 2
0.2 0 0 2011-10-15 2
0.3 0 0 2011-10-15 2
0.4 0 1 2011-10-15 2
0.5 0 0 2011-10-15 2
0.6 0 0 2011-10-15 2
0.7 2 0 2011-10-15 2
0.8 0 1 2011-10-15 2
0.9 0 0 2011-10-15 2
2.3 0 0 2011-10-15 2
2.4 1 0 2011-10-15 2
1.2 0 0 2011-10-17 1
1.3 1 0 2011-10-17 1
3.2 0 1 2011-10-17 1
3.3 4 0 2011-10-17 1
3.4 4 0 2011-10-17 1
3.5 1 0 2011-10-17 1
11.3 2 0 2011-10-17 1
11.4 1 0 2011-10-17 1
11.6 2 0 2011-10-17 1
16.2 0 0 2011-10-17 1
1.6 0 1 2012-02-11 2
1.7 0 0 2012-02-11 2
1.8 1 0 2012-02-11 2
3.3 6 0 2012-02-11 2
3.4 0 1 2012-02-11 2
3.5 1 0 2012-02-11 2
3.7 4 0 2012-02-11 2
11.1 1 0 2012-02-11 2
11.4 1 0 2012-02-11 2
