2.3 0 0 2013-02-09 2
2.4 0 0 2013-02-09 2
2.5 2 0 2013-02-09 2
2.6 4 0 2013-02-09 2
5.2 1 0 2013-02-09 2
5.5 1 0 2013-02-09 2
5.1 4 0 2013-02-12 1
5.2 1 0 2013-02-12 1
5.4 1 0 2013-02-12 1
5.3 1 0 2013-02-15 1
5.6 1 0 2013-02-15 1
14.3 1 0 2013-02-15 1
14.5 1 0 2013-02-15 1
17.1 4 0 2013-02-15 1
17.2 2 0 2013-02-15 1
17.3 1 0 2013-02-15 1
17.5 6 0 2013-02-15 1
17.6 1 0 2013-02-15 1
1.1 0 1 2014-03-22 2
1.3 4 0 2014-03-22 2
1.4 1 0 2014-03-22 2
3.1 4 0 2014-03-22 2
3.2 0 0 2014-03-22 2
3.3 0 0 2014-03-22 2
