6.6 0 0 2012-12-23 2
8.1 6 0 2012-12-23 2
8.2 0 0 2012-12-23 2
8.3 0 0 2012-12-23 2
8.4 1 0 2012-12-23 2
8.6 1 0 2012-12-23 2
10.1 4 0 2012-12-23 2
10.2 1 0 2012-12-23 2
10.4 4 0 2012-12-23 2
10.5 0 0 2012-12-23 2
10.6 0 0 2012-12-23 2
13.2 0 0 2012-12-23 2
13.3 0 5 2012-12-23 2
13.4 0 0 2012-12-23 2
13.5 6 0 2012-12-23 2
13.6 0 0 2012-12-23 2
13.7 6 0 2012-12-23 2
6.1 6 0 2012-12-26 2
6.2 1 0 2012-12-26 2
6.4 0 0 2012-12-26 2
6.5 0 0 2012-12-26 2
6.6 0 0 2012-12-26 2
7.1 2 0 2015-08-14 1
7.2 0 0 2015-08-14 1
7.3 2 0 2015-08-14 1
7.4 0 0 2015-08-14 1
7.5 1 0 2015-08-14 1
9.3 1 0 2015-08-14 1
9.6 1 0 2015-08-14 1
0.1 4 0 2015-08-16 1
0.2 1 0 2015-08-16 1
0.5 1 0 2015-08-16 1
9.1 4 0 2015-08-16 1
9.2 0 0 2015-08-16 1
9.3 1 0 2015-08-16 1
