4.1 0 0 2009-06-16 2
4.2 1 0 2009-06-16 2
6.1 4 0 2009-06-16 2
6.2 0 1 2009-06-16 2
6.3 0 0 2009-06-16 2
6.4 2 0 2009-06-16 2
6.5 4 0 2009-06-16 2
6.6 3 0 2009-06-16 2
3.5 0 0 2009-09-02 1
3.6 1 0 2009-09-02 1
17.1 1 0 2009-09-04 1
17.4 1 0 2009-09-04 1
17.6 0 0 2009-09-04 1
19.3 1 0 2009-09-04 1
19.6 0 0 2009-09-04 1
4.1 6 0 2010-04-30 2
4.2 0 0 2010-04-30 2
4.3 0 0 2010-04-30 2
4.4 2 0 2010-04-30 2
4.5 0 0 2010-04-30 2
4.6 0 0 2010-04-30 2
3.1 4 0 2012-09-27 1
3.2 0 0 2012-09-27 1
3.3 1 0 2012-09-27 1
5.2 0 0 2012-09-27 1
5.3 0 0 2012-09-27 1
5.4 4 0 2012-09-27 1
5.5 0 0 2012-09-27 1
5.6 2 0 2012-09-27 1
