1.2 0 0 2012-09-29 1
1.3 0 0 2012-09-29 1
0.2 1 0 2013-02-09 2
0.6 2 0 2013-02-09 2
4.1 1 0 2013-02-09 2
4.3 1 0 2013-02-09 2
4.7 0 0 2013-02-09 2
8.3 4 0 2013-02-09 2
8.4 1 0 2013-02-09 2
2.1 0 0 2013-02-12 1
2.2 1 0 2013-02-12 1
2.5 0 0 2013-02-12 1
2.6 4 0 2013-02-12 1
4.1 0 0 2013-02-12 1
4.2 1 0 2013-02-12 1
4.5 4 0 2013-02-12 1
4.6 1 0 2013-02-12 1
9.2 6 0 2013-02-12 1
9.3 0 0 2013-02-12 1
9.4 1 0 2013-02-12 1
0.3 0 0 2013-02-15 1
0.4 1 0 2013-02-15 1
0.6 0 0 2013-02-15 1
2.1 0 0 2013-02-15 1
2.2 0 0 2013-02-15 1
2.3 2 0 2013-02-15 1
2.4 1 0 2013-02-15 1
4.1 0 0 2013-02-15 1
4.2 1 0 2013-02-15 1
16.1 1 0 2013-02-15 1
16.6 1 0 2013-02-15 1
