5.1 0 0 2009-06-16 2
5.2 0 0 2009-06-16 2
5.3 1 0 2009-06-16 2
5.6 1 0 2009-06-16 2
6.1 1 0 2009-09-02 1
6.3 4 0 2009-09-02 1
6.4 0 0 2009-09-02 1
6.5 0 0 2009-09-02 1
6.6 2 0 2009-09-02 1
8.1 1 0 2009-09-02 1
8.4 2 0 2009-09-02 1
8.5 1 0 2009-09-02 1
14.2 2 0 2009-09-04 1
14.3 1 0 2009-09-04 1
14.6 1 0 2009-09-04 1
18.2 4 0 2009-09-04 1
18.3 0 0 2009-09-04 1
18.4 2 0 2009-09-04 1
18.5 1 0 2009-09-04 1
3.1 1 0 2010-04-30 2
3.3 0 0 2010-04-30 2
3.4 1 0 2010-04-30 2
5.2 1 0 2010-04-30 2
5.4 0 0 2010-04-30 2
5.5 0 1 2010-04-30 2
14.2 1 0 2010-05-22 1
14.4 1 0 2010-05-22 1
14.6 1 0 2010-05-22 1
16.1 0 0 2010-05-22 1
16.2 0 0 2010-05-22 1
4.1 1 0 2012-09-27 1
4.3 0 0 2012-09-27 1
4.4 2 0 2012-09-27 1
4.5 2 0 2012-09-27 1
4.6 4 0 2012-09-27 1
