4.4 0 0 2010-05-06 2
4.5 0 0 2010-05-06 2
4.6 0 0 2010-05-06 2
6.4 1 0 2010-05-06 2
6.6 1 0 2010-05-06 2
4.1 0 0 2012-02-17 2
4.2 0 0 2012-02-17 2
4.3 0 0 2012-02-17 2
4.4 0 0 2012-02-17 2
4.5 0 1 2012-02-17 2
9.1 1 1 2012-02-17 2
9.5 6 0 2012-02-17 2
9.6 1 0 2012-02-17 2
16.4 0 1 2012-02-17 2
16.5 1 0 2012-02-17 2
18.2 1 0 2012-02-17 2
18.4 1 0 2012-02-17 2
18.6 2 0 2012-02-17 2
2.6 0 0 2012-02-19 1
9.1 1 0 2012-02-19 1
9.4 0 0 2012-02-19 1
9.5 4 0 2012-02-19 1
9.6 0 0 2012-02-19 1
5.3 1 0 2012-02-22 2
5.5 1 0 2012-02-22 2
1.3 0 0 2012-12-23 2
1.4 0 0 2012-12-23 2
1.5 1 0 2012-12-23 2
3.1 0 0 2012-12-23 2
3.2 2 0 2012-12-23 2
3.3 0 0 2012-12-23 2
3.4 0 0 2012-12-23 2
3.5 6 0 2012-12-23 2
3.6 0 0 2012-12-23 2
15.1 0 0 2012-12-23 2
15.2 1 0 2012-12-23 2
17.3 2 0 2012-12-23 2
17.4 4 0 2012-12-23 2
17.5 1 0 2012-12-23 2
4.1 0 0 2012-12-26 2
4.2 4 0 2012-12-26 2
4.3 4 0 2012-12-26 2
4.4 0 0 2012-12-26 2
4.5 0 0 2012-12-26 2
4.6 1 0 2012-12-26 2
4.3 1 0 2014-03-24 2
3.1 1 0 2015-08-14 1
3.4 1 0 2015-08-14 1
5.1 0 0 2015-08-14 1
5.2 1 0 2015-08-14 1
5.6 1 0 2015-08-14 1
10.1 4 0 2015-08-14 1
10.2 1 0 2015-08-14 1
