12.1 0 0 2013-03-15 1
12.2 1 0 2013-03-15 1
14.2 2 0 2013-03-15 1
14.3 1 0 2013-03-15 1
14.6 0 0 2013-03-15 1
16.2 1 0 2013-03-15 1
16.4 0 0 2013-03-15 1
16.5 0 0 2013-03-15 1
16.6 1 0 2013-03-15 1
18.1 4 0 2013-03-15 1
18.2 3 0 2013-03-15 1
18.4 0 0 2013-03-15 1
18.5 6 0 2013-03-15 1
18.6 1 0 2013-03-15 1
15.1 1 0 2013-03-16 1
15.4 0 0 2013-03-16 1
15.5 0 1 2013-03-16 1
17.2 0 4 2013-03-16 1
17.3 4 0 2013-03-16 1
17.4 1 0 2013-03-16 1
17.6 1 0 2013-03-16 1
14.3 0 4 2013-11-26 1
14.4 6 0 2013-11-26 1
14.5 0 0 2013-11-26 1
14.6 2 0 2013-11-26 1
