11.1 1 0 2013-04-19 2
11.3 1 0 2013-04-19 2
11.6 1 0 2013-04-19 2
13.1 6 0 2013-04-19 2
13.2 1 0 2013-04-19 2
13.4 0 0 2013-04-19 2
13.5 1 0 2013-04-19 2
7.3 0 0 2013-04-20 2
7.4 1 0 2013-04-20 2
9.1 0 0 2013-04-20 2
9.2 6 0 2013-04-20 2
9.3 0 0 2013-04-20 2
9.4 0 0 2013-04-20 2
9.5 2 0 2013-04-20 2
9.6 0 0 2013-04-20 2
11.3 6 0 2013-04-20 2
11.4 6 0 2013-04-20 2
11.5 6 0 2013-04-20 2
11.6 6 0 2013-04-20 2
11.7 2 0 2013-04-20 2
8.1 2 0 2013-11-23 2
8.2 0 1 2013-11-23 2
8.3 1 0 2013-11-23 2
8.6 1 0 2013-11-23 2
12.3 1 0 2013-11-23 2
