9.1 0 0 2013-08-23 1
9.2 0 0 2013-08-23 1
9.3 2 0 2013-08-23 1
9.4 0 0 2013-08-23 1
9.5 2 0 2013-08-23 1
9.6 1 0 2013-08-23 1
13.1 2 0 2013-08-23 1
13.2 4 0 2013-08-23 1
13.3 1 0 2013-08-23 1
13.6 1 0 2013-08-23 1
6.1 1 0 2013-08-24 1
6.5 4 0 2013-08-24 1
6.6 0 0 2013-08-24 1
9.1 0 0 2013-08-24 1
9.2 1 0 2013-08-24 1
9.4 6 0 2013-08-24 1
9.5 1 0 2013-08-24 1
4.1 0 0 2015-05-22 2
4.2 4 0 2015-05-22 2
4.3 6 0 2015-05-22 2
4.4 0 0 2015-05-22 2
4.5 1 0 2015-05-22 2
6.1 1 0 2015-05-22 2
6.3 0 0 2015-05-22 2
6.4 1 0 2015-05-22 2
6.6 4 0 2015-05-22 2
13.1 0 0 2015-05-22 2
13.2 2 0 2015-05-22 2
13.3 0 0 2015-05-22 2
3.3 0 0 2015-05-24 2
3.4 4 0 2015-05-24 2
3.5 2 0 2015-05-24 2
3.6 1 0 2015-05-24 2
