2.1 1 0 2013-08-23 1
4.4 1 0 2013-08-23 1
4.6 0 0 2013-08-23 1
16.1 1 0 2013-08-23 1
16.4 1 0 2013-08-23 1
16.6 4 0 2013-08-23 1
1.5 0 0 2013-08-24 1
1.6 0 0 2013-08-24 1
1.7 0 1 2013-08-24 1
1.8 0 0 2013-08-24 1
3.1 0 0 2013-08-24 1
3.2 2 0 2013-08-24 1
3.3 1 0 2013-08-24 1
3.5 1 0 2013-08-24 1
15.1 0 0 2013-08-24 1
15.2 4 0 2013-08-24 1
15.3 6 0 2013-08-24 1
15.4 0 0 2013-08-24 1
15.5 0 0 2013-08-24 1
15.6 4 0 2013-08-24 1
19.1 6 0 2013-08-24 1
19.2 2 0 2013-08-24 1
19.3 2 0 2013-08-24 1
19.4 1 0 2013-08-24 1
19.6 1 0 2013-08-24 1
1.2 0 0 2015-05-22 2
1.3 1 0 2015-05-22 2
3.1 1 0 2015-05-22 2
11.3 0 0 2015-05-22 2
11.4 0 0 2015-05-22 2
11.5 4 0 2015-05-22 2
11.6 1 0 2015-05-22 2
1.2 1 0 2015-05-24 2
4.1 0 0 2015-05-24 2
4.2 0 0 2015-05-24 2
4.3 0 0 2015-05-24 2
4.4 4 0 2015-05-24 2
4.5 0 0 2015-05-24 2
