2.3 0 0 2012-06-01 2
2.4 1 0 2012-06-01 2
2.5 0 0 2012-06-01 2
2.6 0 0 2012-06-01 2
4.1 0 0 2012-06-01 2
4.2 0 5 2012-06-01 2
4.3 0 0 2012-06-01 2
4.4 0 0 2012-06-01 2
4.5 0 0 2012-06-01 2
4.6 0 0 2012-06-01 2
4.7 4 0 2012-06-01 2
0.2 4 0 2012-06-03 1
0.3 0 0 2012-06-03 1
0.4 1 0 2012-06-03 1
2.1 0 0 2012-06-03 1
1.1 0 0 2013-12-11 2
1.2 1 0 2013-12-11 2
1.4 0 0 2013-12-11 2
1.5 0 0 2013-12-11 2
1.6 0 0 2013-12-11 2
1.1 1 0 2013-12-13 2
1.4 0 0 2013-12-13 2
1.5 0 0 2013-12-13 2
1.6 1 0 2013-12-13 2
