0.1 2 0 2013-08-23 1
0.2 0 0 2013-08-23 1
0.3 0 0 2013-08-23 1
0.4 0 0 2013-08-23 1
0.5 1 0 2013-08-23 1
6.1 1 0 2013-08-23 1
6.4 1 0 2013-08-23 1
8.1 1 0 2013-08-23 1
8.3 1 0 2013-08-23 1
10.1 0 0 2013-08-23 1
10.2 0 0 2013-08-23 1
10.3 1 0 2013-08-23 1
0.1 0 0 2013-08-24 1
0.2 0 0 2013-08-24 1
0.3 0 0 2013-08-24 1
0.4 0 0 2013-08-24 1
0.5 0 0 2013-08-24 1
0.6 6 0 2013-08-24 1
10.1 2 0 2013-08-24 1
10.2 0 0 2013-08-24 1
10.3 1 0 2013-08-24 1
12.1 4 0 2013-08-24 1
12.2 1 0 2013-08-24 1
12.5 1 0 2013-08-24 1
14.2 1 0 2013-08-24 1
14.5 1 0 2013-08-24 1
