0.1 1 0 2013-02-09 1
0.3 1 0 2013-02-09 1
2.1 0 0 2013-02-09 1
2.2 1 0 2013-02-09 1
2.5 0 0 2013-02-09 1
2.6 0 0 2013-02-09 1
8.1 1 0 2013-02-09 1
8.3 0 0 2013-02-09 1
8.4 0 0 2013-02-09 1
3.1 4 0 2013-02-12 2
3.2 0 0 2013-02-12 2
3.3 0 1 2013-02-12 2
5.1 0 0 2013-02-12 2
5.2 4 0 2013-02-12 2
5.3 0 0 2013-02-12 2
5.4 1 0 2013-02-12 2
5.6 0 0 2013-02-12 2
1.1 0 0 2013-02-15 2
1.2 0 1 2013-02-15 2
3.1 6 0 2013-02-15 2
3.2 6 0 2013-02-15 2
3.3 1 0 2013-02-15 2
3.5 1 0 2013-02-15 2
10.1 0 0 2013-02-15 2
10.2 1 0 2013-02-15 2
0.1 0 0 2013-06-25 2
0.2 0 0 2013-06-25 2
0.3 0 0 2013-06-25 2
0.4 1 0 2013-06-25 2
2.1 4 0 2013-06-25 2
2.2 1 0 2013-06-25 2
2.6 4 0 2013-06-25 2
2.7 4 0 2013-06-25 2
0.1 2 0 2013-06-27 1
0.2 0 0 2013-06-27 1
1.4 0 3 2014-03-22 1
3.1 1 0 2014-03-22 1
3.3 0 0 2014-03-22 1
3.4 4 0 2014-03-22 1
3.5 0 0 2014-03-22 1
3.6 0 0 2014-03-22 1
8.4 0 0 2014-03-22 1
