0.2 1 0 2010-05-10 2
6.2 0 0 2013-02-09 1
6.3 1 0 2013-02-09 1
7.1 1 0 2013-02-12 2
9.1 0 0 2013-02-12 2
5.2 0 0 2013-02-15 2
5.3 0 0 2013-02-15 2
5.4 1 0 2013-02-15 2
5.6 0 0 2013-02-15 2
7.3 0 0 2013-02-15 2
7.4 1 0 2013-02-15 2
7.6 6 0 2013-02-15 2
9.2 1 0 2013-02-15 2
9.6 1 0 2013-02-15 2
11.1 0 0 2013-02-15 2
11.2 2 0 2013-02-15 2
11.3 2 0 2013-02-15 2
11.4 6 0 2013-02-15 2
11.5 1 0 2013-02-15 2
3.3 6 0 2013-06-25 2
3.4 0 0 2013-06-25 2
6.1 1 0 2014-03-22 1
6.3 4 0 2014-03-22 1
6.4 4 0 2014-03-22 1
6.5 0 0 2014-03-22 1
6.6 1 0 2014-03-22 1
