8.4 0 0 2010-02-19 1
8.5 1 0 2010-02-19 1
10.3 1 0 2010-02-19 1
10.6 1 0 2010-02-19 1
14.1 1 0 2010-02-19 1
14.4 1 0 2010-02-19 1
10.5 0 0 2010-02-20 2
10.6 2 0 2010-02-20 2
12.1 1 0 2010-02-20 2
12.3 1 0 2010-02-20 2
8.1 1 0 2010-09-05 1
8.3 0 0 2010-09-05 1
8.4 1 0 2010-09-05 1
10.1 0 0 2010-09-05 1
10.2 0 0 2010-09-05 1
10.3 1 0 2010-09-05 1
10.5 0 0 2010-09-05 1
10.6 0 0 2010-09-05 1
12.1 2 0 2010-09-05 1
12.2 2 0 2010-09-05 1
12.3 0 0 2010-09-05 1
12.4 1 0 2010-09-05 1
14.3 0 0 2010-09-07 1
