1.1 0 1 2007-09-20 1
1.2 0 0 2007-09-20 1
1.3 0 0 2007-09-20 1
1.4 1 1 2007-09-20 1
1.2 0 1 2008-04-20 2
1.3 0 0 2008-04-20 2
1.4 2 0 2008-04-20 2
1.5 0 0 2008-04-20 2
1.6 4 0 2008-04-20 2
1.7 0 0 2008-04-20 2
3.1 0 1 2008-04-20 2
3.5 0 0 2008-04-20 2
3.6 4 0 2008-04-20 2
5.4 0 0 2008-04-20 2
5.5 0 0 2008-04-20 2
1.1 1 1 2012-09-25 1
1.5 2 0 2014-03-30 2
1.6 0 0 2014-03-30 2
3.2 0 0 2014-03-30 2
3.3 2 0 2014-03-30 2
3.4 4 0 2014-03-30 2
3.5 2 0 2014-03-30 2
3.6 1 0 2014-03-30 2
1.1 0 0 2015-04-24 2
1.2 0 0 2015-04-24 2
1.3 0 1 2015-04-24 2
1.6 0 0 2015-04-24 2
