4.3 2 0 2010-02-05 2
4.4 4 0 2010-02-05 2
4.5 0 1 2010-02-05 2
4.6 2 0 2010-02-05 2
4.7 6 0 2010-02-05 2
6.1 1 0 2010-02-05 2
6.5 0 0 2010-02-05 2
6.6 0 0 2010-02-05 2
9.1 0 0 2010-02-05 2
9.2 0 1 2010-02-05 2
4.6 0 0 2010-05-14 1
4.7 0 0 2010-05-14 1
7.3 0 0 2010-05-14 1
7.4 2 0 2010-05-14 1
7.5 0 0 2010-05-14 1
7.6 1 0 2010-05-14 1
9.3 0 0 2010-05-14 1
9.4 0 0 2010-05-14 1
3.2 1 0 2010-07-05 1
3.5 2 0 2010-07-05 1
3.6 0 0 2010-07-05 1
3.1 4 0 2010-07-06 1
3.2 1 0 2010-07-06 1
9.3 0 0 2010-07-06 1
9.4 6 0 2010-07-06 1
9.5 0 0 2010-07-06 1
