15.1 1 0 2012-09-07 1
15.4 4 0 2012-09-07 1
15.5 0 0 2012-09-07 1
15.6 1 0 2012-09-07 1
17.1 2 0 2012-09-07 1
17.2 0 0 2012-09-07 1
17.3 1 0 2012-09-07 1
17.5 4 0 2012-09-07 1
17.6 1 0 2012-09-07 1
7.1 1 0 2012-10-02 1
7.3 1 0 2012-10-02 1
9.1 4 0 2012-10-02 1
9.2 1 0 2012-10-02 1
9.4 1 0 2012-10-02 1
13.1 1 0 2012-10-02 1
13.3 1 0 2012-10-02 1
13.6 6 0 2012-10-02 1
8.2 4 0 2014-03-23 1
8.3 4 0 2014-03-23 1
8.4 1 0 2014-03-23 1
8.6 2 0 2014-03-23 1
10.2 0 5 2014-03-23 1
10.3 4 0 2014-03-23 1
10.4 0 1 2014-03-23 1
10.6 0 0 2014-03-23 1
10.7 1 0 2014-03-23 1
