18.3 1 0 2007-09-20 2
0.2 0 5 2008-04-20 1
0.3 0 0 2008-04-20 1
0.4 0 0 2008-04-20 1
0.5 0 0 2008-04-20 1
0.6 0 0 2008-04-20 1
0.7 0 0 2008-04-20 1
0.1 0 0 2010-05-01 1
0.2 2 0 2010-05-01 1
0.3 1 0 2010-05-01 1
0.6 0 1 2010-05-01 1
0.7 0 1 2010-05-01 1
2.1 0 0 2010-05-01 1
2.2 1 0 2010-05-01 1
2.4 2 0 2010-05-01 1
2.5 1 0 2010-05-01 1
4.1 2 0 2010-05-01 1
4.2 1 0 2010-05-01 1
14.2 6 0 2010-05-01 1
14.3 1 0 2010-05-01 1
14.5 1 0 2010-05-01 1
0.3 0 0 2014-03-30 1
0.4 0 0 2014-03-30 1
0.5 0 0 2014-03-30 1
0.6 4 0 2014-03-30 1
