7.2 1 0 2010-02-05 2
7.4 4 0 2010-02-05 2
7.5 4 0 2010-02-05 2
7.6 0 0 2010-02-05 2
13.1 1 0 2010-02-05 2
13.6 1 0 2010-02-05 2
5.6 1 0 2010-05-14 1
8.1 6 0 2010-05-14 1
8.2 2 0 2010-05-14 1
8.3 1 0 2010-05-14 1
8.5 4 0 2010-05-14 1
8.6 4 0 2010-05-14 1
10.1 1 0 2012-09-05 2
12.2 0 0 2012-09-05 2
12.3 0 0 2012-09-05 2
12.4 0 0 2012-09-05 2
12.5 1 0 2012-09-05 2
14.2 1 0 2012-09-07 1
14.5 4 0 2012-09-07 1
14.6 1 0 2012-09-07 1
16.1 4 0 2012-09-07 1
16.2 1 0 2012-09-07 1
16.5 4 0 2012-09-07 1
16.6 1 0 2012-09-07 1
5.5 1 0 2012-10-02 1
12.3 2 0 2012-10-02 1
12.4 1 0 2012-10-02 1
12.6 1 0 2012-10-02 1
6.1 0 0 2014-03-23 1
6.2 0 0 2014-03-23 1
6.3 1 0 2014-03-23 1
9.2 1 0 2014-03-23 1
9.4 1 1 2014-03-23 1
9.7 2 0 2014-03-23 1
