17.3 1 0 2007-09-02 1
17.5 0 0 2007-09-02 1
17.6 0 0 2007-09-02 1
17.1 1 0 2007-09-20 2
17.3 0 0 2007-09-20 2
17.4 1 0 2007-09-20 2
1.1 0 0 2010-05-01 1
1.2 4 0 2010-05-01 1
1.3 4 0 2010-05-01 1
1.4 0 0 2010-05-01 1
1.5 0 0 2010-05-01 1
1.6 1 0 2010-05-01 1
10.3 1 0 2010-05-01 1
10.5 2 0 2010-05-01 1
10.6 1 0 2010-05-01 1
13.1 1 0 2010-05-01 1
13.4 1 0 2010-05-01 1
13.6 4 0 2010-05-01 1
17.2 1 0 2012-09-25 2
17.4 0 0 2012-09-25 2
17.5 0 0 2012-09-25 2
17.6 1 0 2012-09-25 2
4.2 0 0 2014-03-30 1
4.3 0 0 2014-03-30 1
