1.5 1 0 2013-12-11 1
3.1 0 0 2013-12-11 1
3.2 0 0 2013-12-11 1
3.3 2 0 2013-12-11 1
3.4 0 0 2013-12-11 1
3.5 2 0 2013-12-11 1
3.6 6 0 2013-12-11 1
1.2 0 0 2013-12-13 1
1.3 0 0 2013-12-13 1
1.4 0 0 2013-12-13 1
1.5 1 0 2013-12-13 1
3.1 0 0 2013-12-13 1
3.2 0 0 2013-12-13 1
3.3 1 0 2013-12-13 1
3.5 0 0 2013-12-13 1
3.6 4 0 2013-12-13 1
17.1 2 0 2013-12-13 1
17.2 1 0 2013-12-13 1
19.5 1 0 2013-12-13 1
1.1 0 0 2015-08-01 1
1.2 2 0 2015-08-01 1
1.3 4 0 2015-08-01 1
1.4 0 1 2015-08-01 1
1.5 4 0 2015-08-01 1
1.6 0 0 2015-08-01 1
1.7 1 0 2015-08-01 1
