1.1 0 0 2013-08-02 2
1.2 0 1 2013-08-02 2
1.3 0 0 2013-08-02 2
1.4 0 0 2013-08-02 2
1.5 0 1 2013-08-02 2
1.6 0 0 2013-08-02 2
1.7 4 0 2013-08-02 2
1.8 0 0 2013-08-02 2
3.1 0 0 2013-08-02 2
1.1 0 1 2013-08-04 2
1.2 0 0 2013-08-04 2
1.3 0 0 2013-08-04 2
1.4 4 0 2013-08-04 2
1.5 1 0 2013-08-04 2
1.7 0 0 2013-08-04 2
3.1 4 0 2013-08-04 2
3.2 4 0 2013-08-04 2
3.3 0 0 2013-08-04 2
3.4 0 0 2013-08-04 2
3.5 0 0 2013-08-04 2
3.6 0 0 2013-08-04 2
2.1 1 0 2014-03-22 1
2.4 6 0 2014-03-22 1
2.5 1 0 2014-03-22 1
4.6 0 0 2014-03-22 1
