0.1 0 0 2013-08-02 2
0.2 4 0 2013-08-02 2
0.3 0 0 2013-08-02 2
0.4 2 0 2013-08-02 2
0.5 0 0 2013-08-02 2
0.6 0 1 2013-08-02 2
2.5 1 0 2013-08-02 2
0.1 1 0 2013-08-04 2
2.3 2 0 2013-08-04 2
2.4 1 0 2013-08-04 2
4.5 2 0 2013-08-04 2
4.6 0 0 2013-08-04 2
6.1 0 0 2013-08-04 2
6.2 1 0 2013-08-04 2
6.6 0 0 2013-08-04 2
1.1 0 1 2014-03-22 1
1.2 0 0 2014-03-22 1
1.3 0 0 2014-03-22 1
1.4 1 0 2014-03-22 1
1.6 0 0 2014-03-22 1
1.7 1 0 2014-03-22 1
3.1 1 0 2014-03-22 1
3.5 4 0 2014-03-22 1
3.6 0 0 2014-03-22 1
5.4 0 0 2014-03-22 1
5.5 6 0 2014-03-22 1
5.6 1 0 2014-03-22 1
12.1 1 0 2014-03-22 1
12.4 4 0 2014-03-22 1
12.5 1 0 2014-03-22 1
