16.2 2 0 2011-10-15 1
16.3 2 0 2011-10-15 1
16.4 2 0 2011-10-15 1
16.5 0 0 2011-10-15 1
16.6 0 0 2011-10-15 1
16.7 0 0 2011-10-15 1
18.2 0 0 2011-10-15 1
18.3 0 0 2011-10-15 1
18.4 4 0 2011-10-15 1
18.5 0 0 2011-10-15 1
18.6 0 0 2011-10-15 1
4.1 0 0 2011-10-17 2
4.2 0 0 2011-10-17 2
4.3 0 0 2011-10-17 2
4.4 4 0 2011-10-17 2
4.5 0 0 2011-10-17 2
4.6 6 0 2011-10-17 2
13.1 1 0 2012-02-11 1
13.3 1 0 2012-02-11 1
16.1 1 0 2012-02-11 1
16.4 6 0 2012-02-11 1
16.5 4 0 2012-02-11 1
16.6 4 0 2012-02-11 1
