8.1 0 0 2012-02-01 2
8.2 0 0 2012-02-01 2
8.3 1 0 2012-02-01 2
10.1 1 0 2012-02-01 2
10.3 1 0 2012-02-01 2
10.5 0 0 2012-02-01 2
10.6 0 0 2012-02-01 2
14.1 1 0 2012-02-01 2
14.3 0 0 2012-02-01 2
14.4 1 0 2012-02-01 2
14.2 0 0 2012-02-03 2
14.3 1 0 2012-02-03 2
14.6 0 0 2012-02-03 2
12.2 0 0 2012-09-28 1
12.3 0 1 2012-09-28 1
12.4 4 0 2012-09-28 1
12.5 0 0 2012-09-28 1
12.6 1 0 2012-09-28 1
14.3 0 0 2012-09-28 1
14.4 0 5 2012-09-28 1
14.5 0 0 2012-09-28 1
14.6 0 0 2012-09-28 1
14.7 0 0 2012-09-28 1
