17.3 4 0 2011-08-31 1
17.4 0 0 2011-08-31 1
17.1 0 0 2011-10-29 1
17.2 1 0 2011-10-29 1
17.5 1 0 2011-10-29 1
19.3 0 0 2011-10-29 1
19.4 2 0 2011-10-29 1
19.5 6 0 2011-10-29 1
19.6 0 0 2011-10-29 1
17.3 4 0 2012-09-23 1
17.4 2 0 2012-09-23 1
17.5 1 0 2012-09-23 1
19.5 0 1 2012-09-23 1
19.6 0 0 2012-09-23 1
14.1 1 0 2012-12-20 2
14.3 0 0 2012-12-20 2
14.4 2 0 2012-12-20 2
14.5 1 0 2012-12-20 2
17.1 6 0 2012-12-22 1
17.2 2 0 2012-12-22 1
17.3 2 0 2012-12-22 1
17.4 0 0 2012-12-22 1
17.5 2 0 2012-12-22 1
17.6 6 0 2012-12-22 1
