5.2 1 0 2009-12-09 2
10.2 1 0 2009-12-12 2
10.5 1 0 2009-12-12 2
13.1 2 0 2009-12-12 2
13.2 1 0 2009-12-12 2
13.4 4 0 2009-12-12 2
13.5 1 0 2009-12-12 2
11.2 1 0 2010-05-11 1
11.6 0 0 2010-05-11 1
15.3 1 0 2010-05-11 1
15.5 1 0 2010-05-11 1
18.1 1 0 2010-05-11 1
17.1 0 0 2012-08-07 1
17.2 4 0 2012-08-07 1
17.3 0 0 2012-08-07 1
17.4 1 0 2012-08-07 1
19.1 2 0 2012-08-07 1
19.2 4 0 2012-08-07 1
19.3 1 0 2012-08-07 1
19.6 1 0 2012-08-07 1
19.1 0 0 2014-04-06 1
19.2 0 1 2014-04-06 1
19.3 0 2 2014-04-06 1
19.4 0 0 2014-04-06 1
19.5 2 0 2014-04-06 1
19.6 1 0 2014-04-06 1
