7.3 0 1 2012-09-05 1
7.6 1 0 2012-09-05 1
6.1 0 0 2012-09-10 1
6.2 2 0 2012-09-10 1
6.3 0 3 2012-09-10 1
6.4 0 0 2012-09-10 1
6.5 0 0 2012-09-10 1
6.6 0 1 2012-09-10 1
6.7 1 0 2012-09-10 1
8.1 6 0 2012-09-10 1
8.2 0 0 2012-09-10 1
8.3 0 0 2012-09-10 1
8.4 6 0 2012-09-10 1
8.5 6 0 2012-09-10 1
8.6 1 0 2012-09-10 1
3.2 0 0 2012-10-02 2
3.3 1 0 2012-10-02 2
3.6 0 0 2012-10-02 2
0.1 0 0 2014-10-05 2
0.2 2 0 2014-10-05 2
0.3 0 0 2014-10-05 2
0.4 0 4 2014-10-05 2
0.5 0 0 2014-10-05 2
0.6 0 0 2014-10-05 2
4.1 0 0 2014-10-05 2
4.2 0 0 2014-10-05 2
4.3 1 0 2014-10-05 2
4.5 4 0 2014-10-05 2
4.6 0 0 2014-10-05 2
