0.2 0 0 2009-06-08 1
0.3 0 0 2009-06-08 1
0.4 0 0 2009-06-08 1
0.3 1 0 2010-05-09 1
2.4 0 0 2010-05-09 1
2.5 0 0 2010-05-09 1
2.6 0 1 2010-05-09 1
0.1 0 0 2013-01-26 1
0.2 2 0 2013-01-26 1
0.3 0 1 2013-01-26 1
0.5 3 0 2013-01-26 1
2.1 3 0 2013-01-26 1
2.3 4 0 2013-01-26 1
2.4 0 0 2013-01-26 1
2.5 4 0 2013-01-26 1
2.6 0 0 2013-01-26 1
10.1 1 0 2013-01-26 1
10.4 0 0 2013-01-26 1
10.5 0 0 2013-01-26 1
10.6 4 0 2013-01-26 1
14.1 4 0 2013-01-26 1
14.2 6 0 2013-01-26 1
14.3 0 1 2013-01-26 1
14.4 2 0 2013-01-26 1
14.5 1 0 2013-01-26 1
14.7 0 0 2013-01-26 1
