0.1 0 0 2012-02-01 1
0.2 0 0 2012-02-01 1
0.3 0 0 2012-02-01 1
0.4 1 0 2012-02-01 1
2.2 0 0 2012-02-01 1
2.3 6 0 2012-02-01 1
2.4 4 0 2012-02-01 1
2.5 6 0 2012-02-01 1
2.6 2 0 2012-02-01 1
0.3 4 0 2012-09-28 2
0.4 4 0 2012-09-28 2
0.5 0 0 2012-09-28 2
0.6 0 0 2012-09-28 2
2.2 0 0 2012-09-28 2
2.3 0 0 2012-09-28 2
2.4 0 0 2012-09-28 2
2.5 3 0 2012-09-28 2
4.1 0 1 2012-09-28 2
4.2 1 0 2012-09-28 2
3.3 0 0 2014-03-30 2
3.4 0 0 2014-03-30 2
3.5 6 0 2014-03-30 2
3.6 0 0 2014-03-30 2
7.2 0 0 2014-03-30 2
7.3 0 0 2014-03-30 2
7.4 0 0 2014-03-30 2
