1.1 0 0 2009-06-06 1
1.2 0 0 2009-06-06 1
1.3 0 0 2009-06-06 1
1.4 1 1 2009-06-06 1
1.6 0 0 2009-06-06 1
1.7 0 0 2009-06-06 1
3.4 6 0 2009-06-06 1
3.5 0 0 2009-06-06 1
3.6 1 0 2009-06-06 1
5.1 1 0 2009-06-06 1
5.5 2 0 2009-06-06 1
5.6 0 0 2009-06-06 1
0.1 0 0 2012-03-30 2
0.2 0 0 2012-03-30 2
0.3 0 0 2012-03-30 2
0.4 1 0 2012-03-30 2
2.2 4 0 2012-03-30 2
2.3 0 0 2012-03-30 2
2.4 0 0 2012-03-30 2
2.5 4 0 2012-03-30 2
2.6 0 0 2012-03-30 2
0.1 0 0 2012-09-22 2
0.2 0 1 2012-09-22 2
0.3 4 0 2012-09-22 2
0.4 0 0 2012-09-22 2
0.5 2 0 2012-09-22 2
0.6 0 0 2012-09-22 2
0.7 1 0 2012-09-22 2
2.1 0 0 2012-09-22 2
