1.1 0 0 2010-05-02 1
1.2 1 0 2010-05-02 1
1.6 6 0 2010-05-02 1
3.5 4 0 2010-05-02 1
3.6 0 0 2010-05-02 1
0.2 1 0 2012-09-05 1
6.1 0 0 2012-09-05 1
6.2 1 0 2012-09-05 1
6.4 1 0 2012-09-05 1
6.6 0 0 2012-09-05 1
8.1 3 0 2012-09-05 1
8.3 0 0 2012-09-05 1
1.1 6 0 2012-09-07 2
1.2 0 0 2012-09-07 2
1.3 4 0 2012-09-07 2
1.4 0 0 2012-09-07 2
1.5 4 0 2012-09-07 2
1.6 0 0 2012-09-07 2
0.3 4 0 2012-10-02 2
0.4 1 0 2012-10-02 2
2.1 0 0 2012-10-02 2
2.2 1 0 2012-10-02 2
2.5 0 0 2012-10-02 2
2.6 0 0 2012-10-02 2
4.2 0 0 2012-10-02 2
4.3 0 0 2012-10-02 2
4.4 1 0 2012-10-02 2
4.6 0 0 2012-10-02 2
