0.2 1 0 2011-08-06 2
0.6 0 0 2011-08-06 2
2.5 4 0 2011-08-06 2
2.6 4 0 2011-08-06 2
2.7 0 0 2011-08-06 2
15.1 0 1 2011-08-06 2
15.2 0 1 2011-08-06 2
15.3 0 0 2011-08-06 2
0.4 1 0 2011-08-08 2
2.1 0 0 2011-08-08 2
2.2 4 0 2011-08-08 2
2.3 1 0 2011-08-08 2
1.1 0 0 2013-01-26 1
1.2 0 0 2013-01-26 1
1.3 0 0 2013-01-26 1
1.4 1 0 2013-01-26 1
4.2 1 0 2013-01-26 1
12.1 1 0 2013-01-26 1
12.3 4 0 2013-01-26 1
12.4 1 0 2013-01-26 1
12.6 1 0 2013-01-26 1
19.2 1 0 2013-01-26 1
19.5 2 0 2013-01-26 1
19.6 1 0 2013-01-26 1
1.2 0 0 2013-01-28 2
1.3 0 0 2013-01-28 2
