7.2 1 0 2009-12-09 1
7.5 1 0 2009-12-09 1
9.1 1 0 2009-12-09 1
9.3 4 0 2009-12-09 1
9.4 1 0 2009-12-09 1
9.6 4 0 2009-12-09 1
19.1 4 0 2009-12-09 1
19.2 1 0 2009-12-09 1
5.1 0 0 2009-12-12 1
5.2 1 0 2009-12-12 1
5.6 0 5 2009-12-12 1
5.7 0 0 2009-12-12 1
5.8 4 0 2009-12-12 1
7.2 2 0 2009-12-12 1
7.3 4 0 2009-12-12 1
7.4 1 0 2009-12-12 1
5.3 1 0 2010-05-11 2
7.3 1 0 2010-05-11 2
7.6 0 0 2010-05-11 2
13.1 6 0 2010-05-11 2
13.2 2 0 2010-05-11 2
13.3 0 0 2010-05-11 2
13.4 6 0 2010-05-11 2
13.5 2 0 2010-05-11 2
13.6 0 0 2010-05-11 2
