13.1 1 0 2009-06-12 1
13.3 1 0 2009-06-12 1
13.6 0 0 2009-06-12 1
7.1 1 0 2009-06-21 1
13.1 0 0 2009-06-21 1
13.2 1 0 2009-06-21 1
13.5 1 0 2009-06-21 1
15.1 1 0 2009-06-21 1
15.3 2 0 2009-06-21 1
15.4 2 0 2009-06-21 1
15.5 2 0 2009-06-21 1
15.6 1 0 2009-06-21 1
17.4 4 0 2009-06-21 1
17.5 1 0 2009-06-21 1
6.2 1 0 2009-08-12 2
6.4 4 0 2009-08-12 2
6.5 0 0 2009-08-12 2
6.6 2 0 2009-08-12 2
13.1 0 0 2009-08-12 2
13.2 0 0 2009-08-12 2
11.1 4 0 2012-10-04 1
11.2 2 0 2012-10-04 1
11.3 0 0 2012-10-04 1
11.4 4 0 2012-10-04 1
11.5 1 0 2012-10-04 1
13.1 0 0 2013-12-11 1
13.2 1 0 2013-12-11 1
13.4 0 0 2013-12-11 1
15.2 2 0 2013-12-13 1
15.3 1 0 2013-12-13 1
15.6 6 0 2013-12-13 1
