6.3 0 0 2013-08-02 2
6.4 0 0 2013-08-02 2
6.5 4 0 2013-08-02 2
6.6 1 0 2013-08-02 2
8.2 0 0 2013-08-02 2
8.3 1 0 2013-08-02 2
10.1 1 0 2013-08-02 2
10.3 1 0 2013-08-02 2
10.7 1 0 2013-08-02 2
16.1 1 0 2013-08-02 2
16.3 4 0 2013-08-02 2
16.4 0 0 2013-08-02 2
16.5 1 0 2013-08-02 2
8.1 1 0 2013-08-04 2
8.4 1 0 2013-08-04 2
8.6 1 0 2013-08-04 2
10.1 1 0 2013-08-04 2
10.3 2 0 2013-08-04 2
10.4 1 0 2013-08-04 2
10.6 0 0 2013-08-04 2
12.1 2 0 2013-08-04 2
12.2 0 0 2013-08-04 2
12.3 1 0 2013-08-04 2
12.5 1 0 2013-08-04 2
9.2 0 0 2014-03-22 1
9.3 1 0 2014-03-22 1
9.5 0 0 2014-03-22 1
