6.1 0 0 2009-06-16 1
6.2 0 0 2009-06-16 1
6.3 1 0 2009-06-16 1
6.5 0 0 2009-06-16 1
6.6 1 0 2009-06-16 1
8.2 0 0 2009-06-16 1
8.3 1 0 2009-06-16 1
8.5 1 0 2009-06-16 1
10.3 0 0 2009-06-16 1
10.4 1 0 2009-06-16 1
10.2 1 0 2009-09-04 2
10.5 1 0 2009-09-04 2
12.2 1 0 2009-09-04 2
12.5 1 0 2009-09-04 2
14.1 1 0 2009-09-04 2
14.5 2 0 2009-09-04 2
14.6 1 0 2009-09-04 2
6.4 0 0 2010-05-22 2
6.5 1 0 2010-05-22 2
8.5 1 0 2010-05-22 2
12.1 0 0 2010-05-23 2
12.2 1 0 2010-05-23 2
12.4 0 0 2010-05-23 2
12.5 1 0 2010-05-23 2
14.3 0 0 2010-05-23 2
14.4 0 0 2010-05-23 2
11.3 1 0 2012-09-27 2
11.5 1 0 2012-09-27 2
17.1 0 0 2013-11-21 2
17.2 2 0 2013-11-21 2
17.3 2 0 2013-11-21 2
17.4 4 0 2013-11-21 2
17.5 2 0 2013-11-21 2
