6.3 0 0 2010-05-13 1
6.4 0 0 2010-05-13 1
6.5 0 0 2010-05-13 1
6.6 0 0 2010-05-13 1
8.1 1 0 2010-05-13 1
8.3 1 0 2010-05-13 1
8.6 0 0 2010-05-13 1
7.1 1 0 2011-06-25 2
7.3 1 0 2011-06-25 2
7.5 0 0 2011-06-25 2
7.6 1 0 2011-06-25 2
9.5 1 0 2011-06-25 2
11.1 0 1 2011-06-25 2
11.2 4 0 2011-06-25 2
11.3 0 1 2011-06-25 2
11.4 1 0 2011-06-25 2
11.6 1 0 2011-06-25 2
14.2 0 0 2011-06-25 2
14.3 1 0 2011-06-25 2
14.5 4 0 2011-06-25 2
14.6 0 0 2011-06-25 2
6.5 1 0 2012-10-01 1
8.1 1 0 2012-10-01 1
8.3 0 0 2012-10-01 1
8.4 1 0 2012-10-01 1
10.2 0 0 2012-10-01 1
