10.1 1 0 2009-06-12 1
10.3 1 0 2009-06-12 1
12.2 4 0 2009-06-12 1
12.3 0 1 2009-06-12 1
12.4 2 0 2009-06-12 1
12.5 2 0 2009-06-12 1
12.6 1 0 2009-06-12 1
6.1 1 0 2009-06-21 1
6.3 1 0 2009-06-21 1
6.5 1 0 2009-06-21 1
8.1 0 0 2009-06-21 1
8.2 0 0 2009-06-21 1
8.3 1 0 2009-06-21 1
10.1 0 0 2009-06-21 1
10.2 1 0 2009-06-21 1
10.4 4 0 2009-06-21 1
10.5 4 0 2009-06-21 1
10.6 1 0 2009-06-21 1
12.1 0 0 2009-06-21 1
12.2 1 0 2009-06-21 1
12.4 0 0 2009-06-21 1
12.5 1 0 2009-06-21 1
7.3 1 0 2009-08-12 2
7.6 1 0 2009-08-12 2
9.1 0 0 2009-08-12 2
9.2 1 0 2009-08-12 2
9.4 2 0 2009-08-12 2
9.5 1 0 2009-08-12 2
11.1 1 0 2009-08-12 2
11.4 1 0 2009-08-12 2
6.1 1 0 2011-11-25 1
6.3 1 0 2011-11-25 1
6.5 1 0 2011-11-25 1
8.3 1 0 2011-11-25 1
8.5 1 0 2011-11-25 1
8.7 1 0 2011-11-25 1
10.3 4 0 2012-10-04 1
10.4 1 0 2012-10-04 1
7.4 1 0 2013-12-11 1
7.7 4 0 2013-12-11 1
9.3 1 0 2013-12-11 1
9.6 0 0 2013-12-11 1
11.1 2 0 2013-12-11 1
11.2 1 0 2013-12-11 1
11.4 0 0 2013-12-11 1
11.5 1 0 2013-12-11 1
