4.1 4 0 2009-06-16 1
4.2 4 0 2009-06-16 1
4.3 0 0 2009-06-16 1
4.4 0 0 2009-06-16 1
4.5 4 0 2009-06-16 1
4.6 0 0 2009-06-16 1
16.1 1 0 2009-06-16 1
16.4 0 0 2009-06-16 1
16.5 1 0 2009-06-16 1
4.2 0 0 2009-09-02 2
4.3 3 0 2009-09-02 2
4.1 0 0 2009-09-04 2
4.2 1 0 2009-09-04 2
4.4 0 0 2009-09-04 2
4.5 4 0 2009-09-04 2
4.6 0 0 2009-09-04 2
7.1 0 0 2009-09-04 2
7.2 0 0 2009-09-04 2
7.3 1 0 2009-09-04 2
9.2 0 0 2009-09-04 2
9.3 1 0 2009-09-04 2
9.6 0 1 2009-09-04 2
9.7 2 0 2009-09-04 2
15.1 1 0 2009-09-04 2
15.3 2 0 2009-09-04 2
15.4 1 0 2009-09-04 2
15.6 1 0 2009-09-04 2
