7.6 0 0 2007-09-15 2
9.2 0 0 2007-09-15 2
9.3 0 0 2007-09-15 2
9.4 1 0 2007-09-15 2
9.6 1 0 2007-09-15 2
11.1 2 0 2007-09-15 2
11.2 1 0 2007-09-15 2
11.6 1 0 2007-09-15 2
7.1 2 0 2009-06-16 1
7.2 0 1 2009-06-16 1
7.3 0 2 2009-06-16 1
7.6 1 0 2009-06-16 1
11.2 1 0 2009-06-16 1
13.1 1 0 2009-06-16 1
13.3 1 1 2009-06-16 1
13.7 0 0 2009-06-16 1
17.2 2 0 2009-06-16 1
17.3 2 0 2009-06-16 1
17.4 0 0 2009-06-16 1
6.3 1 0 2009-09-02 2
6.5 0 0 2009-09-02 2
6.1 0 1 2009-09-04 2
6.2 0 0 2009-09-04 2
6.3 2 0 2009-09-04 2
6.4 1 0 2009-09-04 2
6.6 4 0 2009-09-04 2
6.7 1 0 2009-09-04 2
8.2 1 0 2009-09-04 2
8.4 1 0 2009-09-04 2
8.6 4 0 2009-09-04 2
16.1 0 0 2009-09-04 2
16.2 2 0 2009-09-04 2
16.3 2 0 2009-09-04 2
16.4 2 0 2009-09-04 2
16.5 1 0 2009-09-04 2
7.2 0 0 2010-04-30 1
7.3 0 0 2010-04-30 1
7.4 1 0 2010-04-30 1
7.6 1 0 2010-04-30 1
7.3 1 0 2010-05-22 2
7.6 0 0 2010-05-22 2
9.3 0 0 2010-05-22 2
8.2 0 0 2012-09-27 2
8.3 1 0 2012-09-27 2
8.5 0 0 2012-09-27 2
8.6 4 0 2012-09-27 2
10.2 1 0 2012-09-27 2
10.5 4 0 2012-09-27 2
10.6 0 1 2012-09-27 2
10.7 0 0 2012-09-27 2
