12.6 1 0 2009-06-16 1
14.2 1 0 2009-06-16 1
14.6 1 0 2009-06-16 1
5.1 1 0 2009-09-02 2
5.3 4 0 2009-09-02 2
5.4 2 0 2009-09-02 2
5.5 0 0 2009-09-02 2
5.6 2 0 2009-09-02 2
11.1 0 0 2009-09-04 2
11.2 1 0 2009-09-04 2
11.4 1 0 2009-09-04 2
11.6 4 0 2009-09-04 2
13.3 1 0 2009-09-04 2
13.5 4 0 2009-09-04 2
13.6 1 0 2009-09-04 2
18.1 2 0 2009-09-04 2
18.2 4 0 2009-09-04 2
18.3 2 0 2009-09-04 2
18.4 0 0 2009-09-04 2
18.5 4 0 2009-09-04 2
18.6 0 0 2009-09-04 2
5.5 0 0 2010-04-30 1
5.6 1 0 2010-04-30 1
7.6 0 0 2012-09-27 2
9.2 1 0 2012-09-27 2
9.4 0 0 2012-09-27 2
9.5 4 0 2012-09-27 2
9.6 4 0 2012-09-27 2
