9.2 0 0 2010-05-01 2
9.3 0 0 2010-05-01 2
9.4 4 0 2010-05-01 2
9.5 0 0 2010-05-01 2
9.6 0 0 2010-05-01 2
11.1 1 0 2010-05-01 2
11.3 0 0 2010-05-01 2
11.4 4 0 2010-05-01 2
11.5 2 0 2010-05-01 2
11.6 2 0 2010-05-01 2
5.1 0 0 2011-11-29 2
5.2 0 0 2011-11-29 2
5.3 0 0 2011-11-29 2
9.1 1 0 2012-09-25 1
9.3 0 0 2012-09-25 1
9.4 2 0 2012-09-25 1
9.5 4 0 2012-09-25 1
9.6 4 0 2012-09-25 1
11.1 0 0 2012-09-25 1
11.2 1 0 2012-09-25 1
11.4 1 0 2012-09-25 1
11.6 0 0 2012-09-25 1
16.4 1 0 2012-09-25 1
16.6 1 0 2012-09-25 1
18.2 2 0 2012-09-25 1
18.3 3 0 2012-09-25 1
18.5 1 0 2012-09-25 1
12.1 1 0 2014-03-30 2
12.3 1 0 2014-03-30 2
12.5 0 0 2014-03-30 2
12.6 1 0 2014-03-30 2
4.2 1 0 2015-04-24 2
4.5 0 0 2015-04-24 2
4.6 0 0 2015-04-24 2
9.1 2 0 2015-04-24 2
9.2 1 0 2015-04-24 2
9.4 2 0 2015-04-24 2
9.5 4 0 2015-04-24 2
9.6 0 0 2015-04-24 2
14.3 1 0 2015-04-24 2
14.6 0 0 2015-04-24 2
16.2 4 0 2015-04-24 2
