10.4 1 0 2007-09-20 1
11.4 0 0 2008-04-20 2
10.4 0 0 2010-05-01 2
10.5 1 0 2010-05-01 2
14.2 0 0 2010-05-01 2
14.3 2 0 2010-05-01 2
14.4 2 0 2010-05-01 2
14.5 1 0 2010-05-01 2
6.3 1 0 2012-09-25 1
6.6 0 0 2012-09-25 1
6.7 0 0 2012-09-25 1
8.4 0 0 2012-09-25 1
8.5 1 0 2012-09-25 1
13.1 1 0 2012-09-25 1
13.6 1 0 2012-09-25 1
15.4 1 0 2012-09-25 1
8.3 1 0 2014-03-30 2
8.6 0 0 2014-03-30 2
10.1 0 0 2014-03-30 2
10.2 0 0 2014-03-30 2
10.3 1 0 2014-03-30 2
10.6 0 0 2014-03-30 2
13.1 1 0 2014-03-30 2
13.3 1 0 2014-03-30 2
13.5 2 0 2014-03-30 2
13.6 1 0 2014-03-30 2
6.1 4 0 2015-04-24 2
6.2 1 0 2015-04-24 2
6.4 0 0 2015-04-24 2
6.5 0 0 2015-04-24 2
6.6 0 0 2015-04-24 2
8.1 4 0 2015-04-24 2
8.2 4 0 2015-04-24 2
8.3 2 0 2015-04-24 2
8.4 0 0 2015-04-24 2
8.5 1 0 2015-04-24 2
11.1 0 0 2015-04-24 2
11.2 1 0 2015-04-24 2
11.5 2 0 2015-04-24 2
11.6 4 0 2015-04-24 2
