11.1 0 0 2007-09-20 1
11.2 0 1 2007-09-20 1
11.3 0 0 2007-09-20 1
5.5 0 0 2010-05-01 2
5.6 2 0 2010-05-01 2
5.7 3 0 2010-05-01 2
7.1 0 0 2010-05-01 2
7.2 1 0 2010-05-01 2
13.3 6 0 2010-05-01 2
13.4 1 0 2010-05-01 2
13.6 6 0 2010-05-01 2
2.5 0 0 2011-11-29 2
2.6 3 0 2011-11-29 2
4.1 0 0 2011-11-29 2
4.2 0 0 2011-11-29 2
4.3 1 0 2011-11-29 2
4.5 1 0 2011-11-29 2
6.2 0 0 2011-11-29 2
4.4 1 0 2012-09-25 1
4.6 1 0 2012-09-25 1
7.6 0 0 2012-09-25 1
6.1 1 0 2014-03-30 2
6.5 1 0 2014-03-30 2
0.6 0 0 2015-04-24 2
