2.3 0 0 2006-01-09 2
2.4 0 0 2006-01-09 2
14.1 1 0 2006-02-24 1
14.3 0 1 2006-02-24 1
14.6 1 0 2006-02-24 1
0.1 0 0 2009-01-11 2
0.2 0 0 2009-01-11 2
0.3 0 1 2009-01-11 2
0.4 0 0 2009-01-11 2
1.1 0 1 2009-01-13 1
1.2 0 0 2009-01-13 1
1.3 0 0 2009-01-13 1
1.4 0 0 2009-01-13 1
1.5 1 0 2009-01-13 1
3.1 0 0 2009-01-13 1
3.2 1 0 2009-01-13 1
3.4 0 1 2009-01-13 1
0.2 0 0 2009-03-29 1
0.3 0 0 2009-03-29 1
0.4 0 0 2009-03-29 1
0.5 0 1 2009-03-29 1
0.6 0 0 2009-03-29 1
0.7 1 0 2009-03-29 1
2.1 0 0 2009-03-29 1
2.2 2 0 2009-03-29 1
2.3 0 0 2009-03-29 1
2.4 6 0 2009-03-29 1
2.5 0 0 2009-03-29 1
