4.2 1 0 2009-06-10 1
4.5 0 0 2009-06-10 1
4.6 4 0 2009-06-10 1
6.3 2 0 2009-06-10 1
6.4 4 0 2009-06-10 1
6.5 1 0 2009-06-10 1
8.1 0 0 2009-06-10 1
8.2 0 0 2009-06-10 1
8.3 4 0 2009-06-10 1
8.4 0 0 2009-06-10 1
8.5 0 0 2009-06-10 1
8.6 1 0 2009-06-10 1
10.3 2 0 2009-06-10 1
10.4 1 0 2009-06-10 1
5.1 4 0 2009-06-19 1
5.2 1 0 2009-06-19 1
5.5 1 0 2009-06-19 1
7.1 0 0 2009-06-19 1
7.2 0 0 2009-06-19 1
7.3 0 0 2009-06-19 1
7.4 1 0 2009-06-19 1
7.6 0 0 2009-06-19 1
9.1 4 0 2009-06-19 1
9.2 1 0 2009-06-19 1
9.5 0 0 2009-06-19 1
9.6 0 0 2009-06-19 1
