0.2 1 0 2009-12-09 1
0.4 1 0 2009-12-09 1
2.3 0 0 2009-12-09 1
2.4 1 0 2009-12-09 1
2.6 1 0 2009-12-09 1
4.1 0 1 2009-12-09 1
4.2 4 0 2009-12-09 1
4.3 4 0 2009-12-09 1
4.4 0 0 2009-12-09 1
4.5 4 0 2009-12-09 1
4.6 0 1 2009-12-09 1
4.7 4 0 2009-12-09 1
4.8 4 0 2009-12-09 1
0.2 4 0 2009-12-12 1
0.3 0 1 2009-12-12 1
0.4 0 0 2009-12-12 1
0.5 4 0 2009-12-12 1
0.6 0 0 2009-12-12 1
0.7 0 0 2009-12-12 1
4.1 0 0 2009-12-12 1
4.2 4 0 2009-12-12 1
4.3 4 0 2009-12-12 1
4.4 6 0 2009-12-12 1
4.5 4 0 2009-12-12 1
4.6 0 0 2009-12-12 1
0.5 0 0 2010-05-11 2
0.6 0 0 2010-05-11 2
