0.3 4 0 2006-12-22 2
0.4 4 0 2006-12-22 2
0.5 0 0 2006-12-22 2
0.6 0 0 2006-12-22 2
2.2 0 0 2006-12-22 2
2.3 0 1 2006-12-22 2
2.4 0 0 2006-12-22 2
2.5 1 0 2006-12-22 2
2.7 4 0 2006-12-22 2
4.3 1 0 2006-12-22 2
4.5 4 0 2006-12-22 2
4.6 1 0 2006-12-22 2
0.2 4 0 2007-09-15 2
0.3 0 0 2007-09-15 2
0.4 4 0 2007-09-15 2
0.5 0 0 2007-09-15 2
0.6 0 0 2007-09-15 2
2.4 4 0 2007-09-15 2
2.5 4 0 2007-09-15 2
2.6 0 0 2007-09-15 2
4.6 0 0 2007-09-15 2
14.1 0 0 2007-09-15 2
14.2 1 0 2007-09-15 2
0.3 0 0 2009-09-04 2
0.4 1 0 2009-09-04 2
0.6 0 0 2009-09-04 2
2.5 2 0 2009-09-04 2
2.6 4 0 2009-09-04 2
