16.6 1 0 2009-06-12 2
18.2 0 0 2009-06-12 2
18.3 0 1 2009-06-12 2
18.5 0 0 2009-06-12 2
18.6 0 0 2009-06-12 2
16.1 4 0 2012-10-04 2
16.2 0 0 2012-10-04 2
16.3 0 0 2012-10-04 2
16.4 0 0 2012-10-04 2
16.5 1 0 2012-10-04 2
12.2 1 0 2013-12-13 2
12.4 1 0 2013-12-13 2
12.6 0 0 2013-12-13 2
16.1 4 0 2013-12-13 2
16.2 4 0 2013-12-13 2
16.3 1 0 2013-12-13 2
16.6 1 1 2013-12-13 2
16.8 4 0 2013-12-13 2
18.1 0 0 2013-12-13 2
18.2 0 1 2013-12-13 2
18.3 0 0 2013-12-13 2
18.4 0 0 2013-12-13 2
18.5 0 0 2013-12-13 2
18.5 1 0 2015-08-01 2
