4.1 0 0 2012-02-22 1
4.2 4 0 2012-02-22 1
4.3 0 0 2012-02-22 1
4.4 0 0 2012-02-22 1
4.5 0 0 2012-02-22 1
4.6 1 0 2012-02-22 1
6.1 1 0 2012-02-22 1
6.5 1 0 2012-02-22 1
12.5 0 0 2012-02-22 1
12.6 2 0 2012-02-22 1
14.3 0 0 2012-02-22 1
10.1 1 0 2012-02-23 1
10.3 0 0 2012-02-23 1
10.4 0 1 2012-02-23 1
10.5 1 0 2012-02-23 1
10.7 1 0 2012-02-23 1
9.2 0 0 2012-02-24 2
9.3 0 0 2012-02-24 2
9.4 1 0 2012-02-24 2
9.6 0 0 2012-02-24 2
15.3 0 1 2012-02-24 2
15.4 2 0 2012-02-24 2
15.5 1 0 2012-02-24 2
15.7 1 0 2012-02-24 2
