16.1 1 0 2011-09-25 1
16.5 2 0 2011-09-25 1
16.6 4 0 2011-09-25 1
18.1 0 0 2011-09-25 1
18.2 1 0 2011-09-25 1
18.4 1 0 2011-09-25 1
17.1 0 0 2014-03-09 1
17.2 4 0 2014-03-09 1
17.3 4 0 2014-03-09 1
17.4 4 0 2014-03-09 1
17.5 4 0 2014-03-09 1
17.6 4 0 2014-03-09 1
19.2 1 0 2014-03-09 1
19.4 0 0 2014-03-09 1
19.5 1 0 2014-03-09 1
4.5 1 0 2014-03-11 2
0.2 0 0 2014-03-13 2
0.3 0 0 2014-03-13 2
0.4 0 0 2014-03-13 2
0.5 0 0 2014-03-13 2
0.6 0 0 2014-03-13 2
2.1 4 0 2014-03-13 2
2.2 4 0 2014-03-13 2
2.3 0 0 2014-03-13 2
2.4 0 0 2014-03-13 2
2.5 4 0 2014-03-13 2
2.6 2 0 2014-03-13 2
