13.3 0 0 2015-01-09 2
13.4 4 0 2015-01-09 2
13.5 1 0 2015-01-09 2
3.1 4 0 2015-01-11 2
3.2 0 1 2015-01-11 2
3.3 0 0 2015-01-11 2
3.4 0 0 2015-01-11 2
3.5 0 0 2015-01-11 2
3.6 0 0 2015-01-11 2
3.7 6 0 2015-01-11 2
5.1 6 0 2015-01-11 2
5.2 4 0 2015-01-11 2
5.3 2 0 2015-01-11 2
5.4 0 0 2015-01-11 2
5.5 4 0 2015-01-11 2
5.6 0 0 2015-01-11 2
13.1 4 0 2015-01-11 2
13.2 0 0 2015-01-11 2
13.3 1 0 2015-01-11 2
13.7 1 0 2015-01-11 2
15.1 0 0 2015-01-11 2
6.1 0 0 2015-01-14 2
6.2 1 0 2015-01-14 2
6.6 0 0 2015-01-14 2
6.7 0 0 2015-01-14 2
