13.6 2 0 2011-09-25 1
15.2 0 0 2011-09-25 1
15.3 1 0 2011-09-25 1
15.5 2 0 2011-09-25 1
15.6 1 0 2011-09-25 1
17.3 4 0 2011-09-25 1
17.4 2 0 2011-09-25 1
17.5 1 0 2011-09-25 1
19.2 1 0 2011-09-25 1
6.3 4 0 2014-03-09 1
6.4 1 0 2014-03-09 1
6.6 0 0 2014-03-09 1
8.1 1 0 2014-03-09 1
8.3 1 0 2014-03-09 1
8.5 0 0 2014-03-09 1
8.6 0 0 2014-03-09 1
10.3 2 0 2014-03-09 1
10.4 0 0 2014-03-09 1
10.5 0 0 2014-03-09 1
10.6 1 0 2014-03-09 1
14.1 1 0 2014-03-09 1
14.4 1 0 2014-03-09 1
14.6 0 0 2014-03-09 1
6.1 0 0 2014-03-11 2
6.2 0 0 2014-03-11 2
6.3 0 0 2014-03-11 2
6.4 0 0 2014-03-11 2
6.5 0 0 2014-03-11 2
6.6 1 0 2014-03-11 2
8.1 1 0 2014-03-11 2
8.3 0 0 2014-03-11 2
8.4 0 0 2014-03-11 2
8.5 1 0 2014-03-11 2
10.1 1 0 2014-03-11 2
10.5 0 0 2014-03-11 2
10.6 0 0 2014-03-11 2
15.1 0 0 2014-03-11 2
15.2 1 0 2014-03-11 2
15.5 0 0 2014-03-11 2
15.6 1 0 2014-03-11 2
