6.1 1 0 2012-09-29 1
6.3 4 0 2012-09-29 1
6.4 1 0 2012-09-29 1
13.1 0 0 2012-09-29 1
13.2 1 0 2012-09-29 1
13.4 1 0 2012-09-29 1
19.2 0 0 2012-09-29 1
0.6 0 0 2012-10-07 1
2.1 0 0 2012-10-07 1
2.2 0 0 2012-10-07 1
2.3 0 0 2012-10-07 1
2.4 0 0 2012-10-07 1
2.5 1 0 2012-10-07 1
6.1 1 0 2012-10-07 1
6.3 0 0 2012-10-07 1
6.4 1 0 2012-10-07 1
6.6 0 0 2012-10-07 1
8.1 0 0 2012-10-07 1
8.2 1 0 2012-10-07 1
8.5 2 0 2012-10-07 1
8.6 2 0 2012-10-07 1
8.7 0 0 2012-10-07 1
11.2 0 0 2014-04-03 2
11.3 0 0 2014-04-03 2
11.4 0 0 2014-04-03 2
11.5 1 0 2014-04-03 2
