10.1 0 0 2013-07-27 1
10.2 4 0 2013-07-27 1
10.3 0 0 2013-07-27 1
10.4 0 0 2013-07-27 1
10.5 0 0 2013-07-27 1
10.6 0 0 2013-07-27 1
12.1 1 0 2013-07-27 1
12.4 0 0 2013-07-27 1
12.5 1 0 2013-07-27 1
10.1 0 0 2013-07-28 2
10.2 0 0 2013-07-28 2
10.3 1 0 2013-07-28 2
10.6 1 0 2013-07-28 2
13.4 0 0 2013-07-28 2
13.5 1 0 2013-07-28 2
15.2 0 0 2013-07-28 2
15.3 1 0 2013-07-28 2
15.5 0 0 2013-07-28 2
15.6 2 0 2013-07-28 2
14.1 1 0 2014-04-01 1
14.4 1 0 2014-04-01 1
16.2 0 1 2014-04-01 1
18.2 6 0 2014-04-01 1
18.3 6 0 2014-04-01 1
18.4 1 0 2014-04-01 1
