4.5 4 0 2013-07-27 1
4.6 0 0 2013-07-27 1
6.1 1 0 2013-07-27 1
6.5 0 0 2013-07-27 1
6.6 1 0 2013-07-27 1
8.1 1 0 2013-07-27 1
8.6 0 0 2013-07-27 1
15.1 0 0 2013-07-27 1
15.2 1 0 2013-07-27 1
15.4 0 0 2013-07-27 1
15.5 0 0 2013-07-27 1
6.1 0 0 2013-07-28 2
6.2 0 0 2013-07-28 2
6.3 0 0 2013-07-28 2
6.4 1 0 2013-07-28 2
6.6 0 0 2013-07-28 2
12.1 1 0 2013-07-28 2
14.1 0 0 2013-07-28 2
14.2 1 0 2013-07-28 2
14.4 1 0 2013-07-28 2
14.6 0 0 2013-07-28 2
16.6 0 0 2013-07-28 2
11.1 1 0 2014-04-01 1
11.3 1 0 2014-04-01 1
11.6 0 1 2014-04-01 1
11.7 0 0 2014-04-01 1
13.1 0 0 2014-04-01 1
13.2 1 0 2014-04-01 1
13.4 1 0 2014-04-01 1
15.1 4 0 2014-04-01 1
15.2 0 0 2014-04-01 1
15.3 0 0 2014-04-01 1
15.4 0 1 2014-04-01 1
15.5 0 1 2014-04-01 1
