0.2 0 0 2014-03-18 1
0.3 0 0 2014-03-18 1
0.4 0 0 2014-03-18 1
0.5 1 0 2014-03-18 1
2.1 0 0 2014-03-18 1
2.2 0 0 2014-03-18 1
2.3 4 0 2014-03-18 1
2.4 4 0 2014-03-18 1
2.5 1 0 2014-03-18 1
1.1 4 0 2015-07-21 2
1.2 1 0 2015-07-21 2
1.5 0 0 2015-07-21 2
1.6 0 0 2015-07-21 2
3.4 0 0 2015-07-21 2
3.5 4 0 2015-07-21 2
3.6 1 0 2015-07-21 2
12.1 1 0 2015-07-21 2
12.4 0 0 2015-07-21 2
12.5 2 0 2015-07-21 2
12.6 1 0 2015-07-21 2
14.2 6 0 2015-07-21 2
14.3 1 0 2015-07-21 2
14.5 0 1 2015-07-21 2
14.6 0 0 2015-07-21 2
