6.4 1 0 2007-09-24 1
8.2 1 0 2007-09-24 1
8.5 0 0 2007-09-24 1
8.6 1 0 2007-09-24 1
10.1 0 0 2007-09-24 1
10.2 1 0 2007-09-24 1
10.4 4 0 2007-09-24 1
10.5 1 0 2007-09-24 1
10.4 0 0 2012-09-30 2
10.5 1 0 2012-09-30 2
14.2 1 0 2012-09-30 2
14.4 4 0 2012-09-30 2
14.5 2 0 2012-09-30 2
14.6 1 0 2012-09-30 2
12.5 6 0 2012-12-25 1
12.6 0 0 2012-12-25 1
8.1 1 0 2012-12-28 1
8.4 1 0 2012-12-28 1
8.6 1 0 2012-12-28 1
10.3 1 0 2012-12-28 1
10.6 4 0 2012-12-28 1
12.1 1 0 2012-12-28 1
12.4 6 0 2012-12-28 1
12.5 4 0 2012-12-28 1
12.6 1 0 2012-12-28 1
