9.1 1 0 2012-09-30 2
9.3 6 0 2012-09-30 2
9.4 1 0 2012-09-30 2
11.1 1 0 2012-09-30 2
11.6 1 0 2012-09-30 2
3.1 1 0 2014-03-12 2
3.3 0 0 2014-03-12 2
9.2 0 0 2014-03-14 2
9.3 1 0 2014-03-14 2
9.7 2 0 2014-03-14 2
5.3 0 1 2014-11-05 1
5.4 0 0 2014-11-05 1
5.5 1 0 2014-11-05 1
16.2 1 0 2014-11-05 1
16.4 2 0 2014-11-05 1
16.5 1 0 2014-11-05 1
4.6 1 0 2014-11-07 2
8.1 2 0 2014-11-07 2
8.2 1 0 2014-11-07 2
8.6 1 0 2014-11-07 2
10.1 0 0 2014-11-07 2
10.2 0 0 2014-11-07 2
10.3 0 0 2014-11-07 2
10.4 0 0 2014-11-07 2
10.5 0 0 2014-11-07 2
