6.2 0 0 2014-03-14 2
6.3 1 0 2014-03-14 2
6.6 1 0 2014-03-14 2
8.2 0 0 2014-03-14 2
8.3 1 0 2014-03-14 2
8.5 0 0 2014-03-14 2
8.6 0 0 2014-03-14 2
10.2 1 0 2014-03-14 2
10.5 1 0 2014-03-14 2
13.1 0 0 2014-03-14 2
7.1 0 0 2014-11-05 1
7.2 1 0 2014-11-05 1
7.5 1 0 2014-11-05 1
9.1 0 0 2014-11-05 1
9.2 0 1 2014-11-05 1
9.3 0 0 2014-11-05 1
9.4 6 0 2014-11-05 1
9.5 2 0 2014-11-05 1
9.6 2 0 2014-11-05 1
9.7 0 0 2014-11-05 1
13.1 1 0 2014-11-05 1
13.4 1 0 2014-11-05 1
13.6 0 0 2014-11-05 1
15.3 0 1 2014-11-05 1
15.4 2 0 2014-11-05 1
15.5 6 0 2014-11-05 1
15.6 1 0 2014-11-05 1
5.1 0 0 2014-11-07 2
5.2 0 1 2014-11-07 2
5.3 1 0 2014-11-07 2
7.2 1 0 2014-11-07 2
7.5 0 0 2014-11-07 2
7.6 1 0 2014-11-07 2
