1.3 0 0 2010-05-02 1
1.4 0 0 2010-05-02 1
1.5 1 0 2010-05-02 1
3.1 4 0 2010-05-02 1
3.2 2 0 2010-05-02 1
3.3 6 0 2010-05-02 1
3.4 1 0 2010-05-02 1
7.2 4 0 2010-05-02 1
7.3 2 0 2010-05-02 1
7.4 1 0 2010-05-02 1
9.2 6 0 2010-05-02 1
9.3 6 0 2010-05-02 1
9.4 0 0 2010-05-02 1
9.5 1 0 2010-05-02 1
0.1 1 0 2012-09-05 1
0.3 4 0 2012-09-05 1
0.4 2 0 2012-09-05 1
0.5 0 0 2012-09-05 1
0.6 0 0 2012-09-05 1
7.4 0 0 2012-09-07 2
7.5 1 0 2012-09-07 2
0.1 0 0 2012-10-02 2
0.2 1 0 2012-10-02 2
0.5 0 0 2012-10-02 2
0.6 1 0 2012-10-02 2
2.3 0 0 2012-10-02 2
2.4 1 0 2012-10-02 2
