1.1 4 0 2007-09-22 2
1.2 0 0 2007-09-22 2
1.3 0 0 2007-09-22 2
1.4 0 0 2007-09-22 2
1.5 0 0 2007-09-22 2
1.6 1 0 2007-09-22 2
3.1 0 0 2007-09-22 2
3.2 0 0 2007-09-22 2
3.3 0 0 2007-09-22 2
3.4 0 0 2007-09-22 2
3.5 0 2 2007-09-22 2
3.6 0 0 2007-09-22 2
5.5 0 0 2007-09-22 2
5.6 0 0 2007-09-22 2
14.4 0 0 2007-09-22 2
1.1 0 0 2007-10-20 1
1.2 0 0 2007-10-20 1
1.3 0 0 2007-10-20 1
1.4 0 0 2007-10-20 1
1.5 0 1 2007-10-20 1
1.6 0 0 2007-10-20 1
1.7 0 0 2007-10-20 1
3.1 0 0 2007-10-20 1
3.2 4 0 2007-10-20 1
3.3 0 0 2007-10-20 1
3.4 0 0 2007-10-20 1
3.5 6 0 2007-10-20 1
3.6 0 0 2007-10-20 1
