6.3 1 0 2007-09-02 2
6.6 1 0 2007-09-02 2
10.1 2 0 2007-09-20 1
10.2 2 0 2007-09-20 1
10.3 0 0 2007-09-20 1
7.2 4 0 2008-04-20 2
7.3 1 0 2008-04-20 2
7.5 1 0 2008-04-20 2
10.1 4 0 2010-05-01 2
10.2 0 0 2010-05-01 2
10.3 1 0 2010-05-01 2
10.6 0 0 2010-05-01 2
12.1 6 0 2010-05-01 2
12.2 2 0 2010-05-01 2
12.3 0 0 2010-05-01 2
12.4 0 0 2010-05-01 2
12.5 4 0 2010-05-01 2
12.6 1 0 2010-05-01 2
14.1 1 0 2010-05-01 2
14.6 0 0 2010-05-01 2
16.1 6 0 2010-05-01 2
16.2 2 0 2010-05-01 2
16.3 2 0 2010-05-01 2
16.4 0 0 2010-05-01 2
16.5 1 0 2010-05-01 2
