5.1 0 0 2011-09-23 1
5.2 1 0 2011-09-23 1
7.3 0 0 2011-09-23 1
7.4 0 0 2011-09-23 1
7.5 0 0 2011-09-23 1
7.6 2 0 2011-09-23 1
9.1 1 0 2011-09-23 1
9.4 1 0 2011-09-23 1
13.1 2 0 2011-09-23 1
13.2 0 0 2011-09-23 1
13.3 6 0 2011-09-23 1
13.4 0 0 2011-09-23 1
1.3 0 0 2011-09-25 1
1.4 1 0 2011-09-25 1
5.5 0 0 2011-09-25 1
5.6 0 0 2011-09-25 1
7.1 0 0 2011-09-25 1
7.2 1 0 2011-09-25 1
7.4 0 0 2011-09-25 1
7.5 6 0 2011-09-25 1
7.6 1 0 2011-09-25 1
7.1 0 0 2012-09-27 1
7.2 1 0 2012-09-27 1
12.1 1 0 2012-09-27 1
12.4 0 0 2012-09-27 1
12.5 0 0 2012-09-27 1
12.6 2 0 2012-09-27 1
14.1 1 0 2012-09-27 1
14.4 2 0 2012-09-27 1
14.5 0 0 2012-09-27 1
14.6 6 0 2012-09-27 1
16.2 1 0 2012-09-27 1
16.4 1 0 2012-09-27 1
16.6 1 0 2012-09-27 1
