1.4 0 0 2011-09-23 1
1.5 0 0 2011-09-23 1
1.6 0 0 2011-09-23 1
3.2 0 0 2011-09-23 1
3.3 4 0 2011-09-23 1
3.4 2 0 2011-09-23 1
3.5 4 0 2011-09-23 1
3.6 4 0 2011-09-23 1
0.1 0 0 2012-09-27 1
0.2 2 0 2012-09-27 1
0.3 0 0 2012-09-27 1
0.4 0 0 2012-09-27 1
0.5 0 0 2012-09-27 1
0.6 4 0 2012-09-27 1
2.1 0 0 2012-09-27 1
2.2 0 0 2012-09-27 1
2.3 0 1 2012-09-27 1
4.3 0 0 2012-09-27 1
4.4 2 0 2012-09-27 1
4.5 0 0 2012-09-27 1
4.6 0 0 2012-09-27 1
15.2 4 0 2012-09-27 1
15.3 4 0 2012-09-27 1
15.4 2 0 2012-09-27 1
15.5 0 0 2012-09-27 1
15.6 2 0 2012-09-27 1
