5.1 4 0 2012-06-24 2
5.2 1 0 2012-06-24 2
5.6 1 0 2012-06-24 2
7.2 0 0 2012-06-24 2
7.3 1 0 2012-06-24 2
7.5 0 0 2012-06-24 2
7.6 2 0 2012-06-24 2
12.1 1 0 2012-06-24 2
12.4 4 0 2012-06-24 2
12.5 2 0 2012-06-24 2
12.6 0 0 2012-06-24 2
17.1 1 0 2012-06-24 2
17.3 1 0 2012-06-24 2
17.6 0 0 2012-06-24 2
4.1 1 0 2012-09-27 2
4.3 4 0 2012-09-27 2
4.4 0 0 2012-09-27 2
4.5 1 0 2012-09-27 2
8.1 1 0 2012-09-27 2
8.4 0 0 2012-09-27 2
8.5 1 0 2012-09-27 2
14.3 0 1 2012-09-27 2
14.4 2 0 2012-09-27 2
14.5 1 0 2012-09-27 2
17.2 2 0 2012-09-27 2
17.3 1 0 2012-09-27 2
5.3 1 0 2014-03-13 1
