0.5 1 0 2012-06-24 2
0.7 1 0 2012-06-24 2
2.5 6 0 2012-06-24 2
2.6 0 0 2012-06-24 2
2.7 2 0 2012-06-24 2
4.1 1 0 2012-06-24 2
4.3 0 0 2012-06-24 2
4.4 6 0 2012-06-24 2
4.5 0 0 2012-06-24 2
4.6 1 0 2012-06-24 2
18.4 2 0 2012-06-24 2
18.5 2 0 2012-06-24 2
18.6 0 0 2012-06-24 2
2.5 1 0 2012-09-27 2
16.2 1 0 2012-09-27 2
18.1 3 0 2012-09-27 2
18.6 0 0 2012-09-27 2
1.1 1 0 2014-03-09 2
8.4 1 0 2014-03-11 1
10.1 0 0 2014-03-11 1
10.2 1 0 2014-03-11 1
10.4 1 0 2014-03-11 1
12.2 6 0 2014-03-11 1
12.3 1 0 2014-03-11 1
12.5 1 0 2014-03-11 1
