3.1 0 0 2013-08-31 1
3.2 0 0 2013-08-31 1
3.3 1 0 2013-08-31 1
5.1 4 0 2013-08-31 1
5.2 0 0 2013-08-31 1
5.3 1 0 2013-08-31 1
12.1 1 0 2013-08-31 1
12.3 0 0 2013-08-31 1
12.4 4 0 2013-08-31 1
12.5 0 0 2013-08-31 1
12.6 2 0 2013-08-31 1
17.3 2 1 2013-08-31 1
17.4 2 0 2013-08-31 1
17.5 4 0 2013-08-31 1
17.6 1 0 2013-08-31 1
1.5 4 0 2014-01-29 2
1.6 4 0 2014-01-29 2
3.2 0 0 2014-01-29 2
3.3 4 0 2014-01-29 2
3.4 0 0 2014-01-29 2
3.5 4 0 2014-01-29 2
3.6 0 1 2014-01-29 2
3.1 0 0 2014-02-02 2
3.2 4 0 2014-02-02 2
3.3 0 0 2014-02-02 2
1.1 1 0 2015-08-31 1
1.4 0 0 2015-08-31 1
1.5 1 0 2015-08-31 1
