0.1 0 0 2011-10-29 2
0.2 0 0 2011-10-29 2
0.3 1 0 2011-10-29 2
2.4 0 0 2011-10-29 2
2.5 1 0 2011-10-29 2
4.1 1 0 2011-10-29 2
4.3 1 0 2011-10-29 2
4.6 0 0 2011-10-29 2
3.3 1 0 2012-12-20 1
5.1 1 0 2012-12-20 1
5.3 0 0 2012-12-20 1
5.4 6 0 2012-12-20 1
5.5 4 0 2012-12-20 1
5.6 0 0 2012-12-20 1
3.1 1 0 2012-12-22 2
3.6 0 0 2012-12-22 2
5.3 4 0 2012-12-22 2
5.4 1 0 2012-12-22 2
7.1 6 0 2012-12-22 2
7.2 1 0 2012-12-22 2
11.1 1 0 2012-12-22 2
11.3 1 0 2012-12-22 2
11.6 0 1 2012-12-22 2
0.5 4 0 2014-09-07 1
0.6 6 0 2014-09-07 1
8.2 0 0 2014-09-07 1
8.3 1 0 2014-09-07 1
8.5 1 0 2014-09-07 1
