1.1 1 0 2012-09-27 2
1.6 0 0 2012-09-27 2
3.1 0 0 2012-09-27 2
3.2 4 0 2012-09-27 2
3.3 4 0 2012-09-27 2
3.4 0 0 2012-09-27 2
3.5 1 0 2012-09-27 2
5.5 0 0 2012-09-27 2
5.6 1 0 2012-09-27 2
7.1 4 0 2012-09-27 2
7.2 0 1 2012-09-27 2
7.4 0 0 2012-09-27 2
7.5 1 0 2012-09-27 2
0.3 0 0 2014-03-09 2
0.4 0 0 2014-03-09 2
0.5 0 0 2014-03-09 2
0.6 1 0 2014-03-09 2
2.1 1 0 2014-03-09 2
2.3 0 0 2014-03-09 2
0.2 0 0 2014-03-11 1
0.3 4 0 2014-03-11 1
0.4 0 0 2014-03-11 1
0.5 1 0 2014-03-11 1
2.1 0 0 2014-03-11 1
2.2 1 0 2014-03-11 1
4.1 0 1 2014-03-11 1
4.3 1 0 2014-03-11 1
6.1 1 0 2014-03-11 1
6.3 0 0 2014-03-11 1
6.4 0 0 2014-03-11 1
6.5 1 0 2014-03-11 1
