0.2 3 0 2013-02-09 1
0.4 0 0 2013-02-09 1
0.5 0 0 2013-02-09 1
0.6 1 0 2013-02-09 1
2.3 4 0 2013-02-09 1
2.4 1 0 2013-02-09 1
1.1 0 0 2013-02-12 2
1.2 4 0 2013-02-12 2
1.3 0 0 2013-02-12 2
1.3 0 0 2013-02-15 2
1.4 0 0 2013-02-15 2
1.5 0 0 2013-02-15 2
1.6 0 0 2013-02-15 2
3.4 1 0 2013-02-15 2
3.6 0 0 2013-02-15 2
10.3 6 0 2013-02-15 2
10.4 4 0 2013-02-15 2
10.5 6 0 2013-02-15 2
10.6 6 0 2013-02-15 2
0.5 2 0 2013-06-25 2
0.6 0 0 2013-06-25 2
2.3 6 0 2013-06-25 2
2.4 4 1 2013-06-25 2
2.5 0 1 2013-06-25 2
3.1 4 0 2015-06-23 1
3.2 0 0 2015-06-23 1
3.3 1 0 2015-06-23 1
3.6 0 1 2015-06-23 1
