2.1 1 0 2012-10-01 2
2.6 0 0 2012-10-01 2
3.1 1 0 2014-03-27 2
5.1 0 0 2014-03-27 2
5.2 0 0 2014-03-27 2
5.3 0 0 2014-03-27 2
5.4 0 0 2014-03-27 2
5.5 4 0 2014-03-27 2
5.6 2 0 2014-03-27 2
15.2 1 0 2014-03-27 2
15.4 0 0 2014-03-27 2
15.5 4 0 2014-03-27 2
15.6 0 1 2014-03-27 2
15.7 1 0 2014-03-27 2
17.5 0 1 2014-03-27 2
17.6 0 0 2014-03-27 2
17.7 1 0 2014-03-27 2
5.1 1 0 2014-05-20 2
5.6 4 0 2014-05-20 2
9.4 0 5 2014-05-20 2
9.5 2 0 2014-05-20 2
9.6 1 0 2014-05-20 2
16.1 0 1 2014-05-20 2
16.3 4 0 2014-05-20 2
16.4 0 0 2014-05-20 2
