0.1 4 0 2011-09-23 2
0.2 1 0 2011-09-23 2
0.4 0 0 2011-09-23 2
0.5 0 0 2011-09-23 2
0.6 0 0 2011-09-23 2
3.3 1 0 2011-09-23 2
5.3 0 0 2011-09-23 2
5.4 1 0 2011-09-23 2
9.2 0 0 2012-06-24 2
9.3 1 0 2012-06-24 2
9.5 0 0 2012-06-24 2
9.6 1 0 2012-06-24 2
11.1 1 0 2012-06-24 2
11.4 4 0 2012-06-24 2
11.5 1 0 2012-06-24 2
13.2 4 0 2012-06-24 2
13.3 2 0 2012-06-24 2
13.4 1 0 2012-06-24 2
13.6 1 0 2012-06-24 2
6.1 0 0 2012-09-27 2
6.2 0 0 2012-09-27 2
6.3 6 0 2012-09-27 2
6.4 2 0 2012-09-27 2
6.5 1 0 2012-09-27 2
11.3 1 0 2014-03-11 1
7.1 1 0 2014-03-13 1
7.3 0 0 2014-03-13 1
7.4 0 0 2014-03-13 1
7.5 0 0 2014-03-13 1
7.6 1 0 2014-03-13 1
9.5 4 0 2014-03-13 1
9.6 0 0 2014-03-13 1
