14.1 2 0 2009-01-11 1
14.2 0 0 2009-01-11 1
14.3 1 0 2009-01-11 1
14.5 1 0 2009-01-11 1
7.1 1 0 2009-01-13 2
7.4 1 0 2009-01-13 2
7.6 0 0 2009-01-13 2
9.2 0 0 2009-01-13 2
9.3 4 0 2009-01-13 2
9.4 1 0 2009-01-13 2
9.6 1 0 2009-01-13 2
15.2 0 0 2009-01-13 2
15.3 2 0 2009-01-13 2
15.4 1 0 2009-01-13 2
15.6 1 0 2009-01-13 2
6.2 0 0 2012-09-30 2
6.3 3 0 2012-09-30 2
8.1 2 0 2012-09-30 2
8.2 0 0 2012-09-30 2
8.3 0 0 2012-09-30 2
8.4 1 0 2012-09-30 2
15.1 1 0 2012-09-30 2
15.4 1 0 2012-09-30 2
17.1 1 0 2012-09-30 2
17.3 1 0 2012-09-30 2
