12.4 0 0 2007-09-18 1
12.5 1 0 2007-09-18 1
14.1 3 0 2007-09-18 1
14.3 1 0 2007-09-18 1
16.1 4 0 2007-09-18 1
16.2 4 0 2007-09-18 1
16.3 1 0 2007-09-18 1
16.5 1 0 2007-09-18 1
17.2 0 0 2010-07-05 2
17.1 4 0 2010-07-06 2
17.2 4 0 2010-07-06 2
17.3 0 0 2010-07-06 2
17.4 0 0 2010-07-06 2
2.6 1 0 2012-09-05 1
5.2 0 0 2012-09-07 2
5.3 0 0 2012-09-07 2
5.4 0 0 2012-09-07 2
5.5 0 0 2012-09-07 2
5.6 0 0 2012-09-07 2
15.1 0 0 2012-09-07 2
17.1 1 0 2012-09-10 1
17.4 0 0 2012-09-10 1
17.5 4 0 2012-09-10 1
17.6 2 0 2012-09-10 1
17.1 0 0 2012-10-02 2
17.2 2 0 2012-10-02 2
17.3 1 0 2012-10-02 2
17.6 0 0 2012-10-02 2
19.1 4 0 2012-10-02 2
19.2 1 0 2012-10-02 2
19.4 1 0 2012-10-02 2
