8.6 0 0 2007-09-18 1
10.3 1 0 2007-09-18 1
10.5 1 0 2007-09-18 1
15.1 2 0 2007-09-18 1
15.2 6 0 2007-09-18 1
15.3 1 0 2007-09-18 1
15.5 1 0 2007-09-18 1
15.1 0 1 2010-05-14 2
15.3 0 0 2010-05-14 2
15.4 6 0 2010-05-14 2
15.5 6 0 2010-05-14 2
15.6 0 0 2010-05-14 2
12.2 4 0 2010-07-05 2
12.3 1 0 2010-07-05 2
12.6 1 0 2010-07-05 2
13.5 4 0 2010-07-06 2
13.6 1 0 2010-07-06 2
6.2 1 0 2012-10-02 2
6.5 1 0 2012-10-02 2
8.1 1 0 2012-10-02 2
8.4 0 0 2012-10-02 2
8.5 1 0 2012-10-02 2
12.2 1 0 2012-10-02 2
12.4 1 0 2012-10-02 2
12.6 0 0 2012-10-02 2
16.1 4 0 2012-10-02 2
16.2 1 0 2012-10-02 2
16.5 4 0 2012-10-02 2
16.6 1 0 2012-10-02 2
