15.4 0 1 2009-06-06 1
15.5 0 1 2009-06-06 1
15.6 4 0 2009-06-06 1
15.7 0 0 2009-06-06 1
15.8 0 1 2009-06-06 1
17.1 0 4 2009-06-06 1
17.2 4 0 2009-06-06 1
17.3 1 0 2009-06-06 1
10.1 2 0 2012-03-27 2
10.2 2 0 2012-03-27 2
10.3 1 0 2012-03-27 2
10.5 1 0 2012-03-27 2
13.2 0 0 2012-03-27 2
13.3 1 0 2012-03-27 2
15.1 6 0 2012-03-27 2
15.2 0 0 2012-03-27 2
15.3 1 0 2012-03-27 2
15.5 1 0 2012-03-27 2
8.5 1 0 2012-03-30 2
8.1 1 0 2012-09-22 2
8.3 4 0 2012-09-22 2
8.4 0 0 2012-09-22 2
8.5 1 0 2012-09-22 2
