16.3 1 0 2010-05-02 1
16.6 2 0 2010-05-02 1
18.3 1 0 2010-05-02 1
18.5 2 0 2010-05-02 1
18.6 6 0 2010-05-02 1
17.4 6 0 2010-05-14 2
17.5 2 0 2010-05-14 2
17.6 0 1 2010-05-14 2
19.2 6 0 2010-05-14 2
19.3 6 0 2010-05-14 2
19.4 4 0 2010-05-14 2
19.5 6 0 2010-05-14 2
11.3 1 0 2010-07-05 2
11.6 0 0 2010-07-05 2
13.1 1 0 2010-07-05 2
15.1 0 0 2010-07-05 2
15.2 0 1 2010-07-05 2
14.1 1 0 2010-07-06 2
14.3 1 0 2010-07-06 2
16.1 2 0 2010-07-06 2
16.2 1 0 2010-07-06 2
16.6 1 0 2010-07-06 2
4.5 0 0 2012-09-07 2
4.6 0 0 2012-09-07 2
10.6 0 0 2012-09-07 2
14.1 1 0 2012-09-07 2
14.3 0 0 2012-09-07 2
14.4 1 0 2012-09-07 2
14.6 1 0 2012-09-07 2
16.3 0 4 2012-09-10 1
16.4 0 0 2012-09-10 1
16.5 1 0 2012-09-10 1
18.2 0 0 2012-09-10 1
18.3 0 0 2012-09-10 1
5.1 0 0 2012-10-02 2
5.2 0 0 2012-10-02 2
5.3 0 0 2012-10-02 2
5.4 1 0 2012-10-02 2
5.6 0 0 2012-10-02 2
9.1 1 0 2012-10-02 2
9.5 0 0 2012-10-02 2
9.6 0 0 2012-10-02 2
15.3 1 0 2012-10-02 2
15.6 1 0 2012-10-02 2
18.2 0 1 2012-10-02 2
18.3 1 0 2012-10-02 2
18.5 1 0 2012-10-02 2
