7.1 1 0 2011-11-29 2
7.4 0 0 2011-11-29 2
7.5 0 0 2011-11-29 2
7.6 0 0 2011-11-29 2
9.1 1 0 2011-11-29 2
9.4 0 0 2011-11-29 2
9.5 1 0 2011-11-29 2
11.1 1 0 2011-11-29 2
11.3 0 0 2011-11-29 2
6.1 0 0 2012-09-25 1
6.2 1 0 2012-09-25 1
6.4 0 1 2012-09-25 1
6.5 1 0 2012-09-25 1
8.1 0 0 2012-09-25 1
8.2 0 0 2012-09-25 1
8.3 3 0 2012-09-25 1
8.6 0 0 2012-09-25 1
13.2 0 0 2012-09-25 1
13.3 0 1 2012-09-25 1
13.4 4 0 2012-09-25 1
13.5 1 0 2012-09-25 1
13.7 1 0 2012-09-25 1
8.2 1 0 2014-03-30 2
8.4 0 0 2014-03-30 2
8.5 1 0 2014-03-30 2
