0.1 0 0 2008-12-26 2
0.2 1 0 2008-12-26 2
4.3 0 0 2008-12-26 2
4.4 0 0 2008-12-26 2
4.5 0 0 2008-12-26 2
4.6 0 0 2008-12-26 2
0.1 0 0 2008-12-28 2
0.2 1 0 2008-12-28 2
2.1 0 0 2012-07-01 1
2.2 0 0 2012-07-01 1
2.3 0 0 2012-07-01 1
2.4 0 0 2012-07-01 1
2.5 0 0 2012-07-01 1
2.6 0 0 2012-07-01 1
4.1 1 0 2012-07-01 1
4.6 1 0 2012-07-01 1
14.3 0 0 2012-07-01 1
14.4 1 0 2012-07-01 1
14.6 0 0 2012-07-01 1
2.1 0 0 2012-10-01 1
2.2 6 0 2012-10-01 1
2.3 2 0 2012-10-01 1
2.4 0 0 2012-10-01 1
2.5 4 0 2012-10-01 1
2.6 4 0 2012-10-01 1
