1.1 0 0 2012-06-30 1
1.2 0 0 2012-06-30 1
1.3 0 0 2012-06-30 1
1.4 0 0 2012-06-30 1
1.5 0 0 2012-06-30 1
1.6 2 0 2012-06-30 1
3.5 0 1 2012-06-30 1
3.6 1 0 2012-06-30 1
15.1 1 0 2012-06-30 1
15.4 1 0 2012-06-30 1
18.4 0 1 2012-06-30 1
18.5 6 0 2012-06-30 1
18.6 6 0 2012-06-30 1
18.7 6 0 2012-06-30 1
7.1 0 0 2012-07-01 1
7.2 1 0 2012-07-01 1
7.5 6 0 2012-07-01 1
7.6 4 0 2012-07-01 1
12.3 6 0 2012-07-01 1
12.4 6 0 2012-07-01 1
12.5 4 0 2012-07-01 1
12.6 0 0 2012-07-01 1
1.1 0 0 2012-10-01 1
1.2 4 0 2012-10-01 1
1.3 1 0 2012-10-01 1
