0.1 0 0 2010-05-07 2
0.2 0 1 2010-05-07 2
0.3 4 0 2010-05-07 2
0.4 1 0 2010-05-07 2
2.2 0 0 2010-05-07 2
1.4 0 0 2012-09-29 1
1.5 0 0 2012-09-29 1
1.6 0 0 2012-09-29 1
3.1 0 0 2012-09-29 1
3.2 1 0 2012-09-29 1
3.6 0 0 2012-09-29 1
5.1 0 0 2012-09-29 1
1.1 0 0 2012-10-07 1
1.2 0 0 2012-10-07 1
1.3 0 0 2012-10-07 1
1.4 0 1 2012-10-07 1
1.5 0 0 2012-10-07 1
1.6 0 0 2012-10-07 1
1.7 0 0 2012-10-07 1
3.4 0 0 2012-10-07 1
3.5 1 0 2012-10-07 1
0.4 0 1 2014-04-03 2
0.5 0 5 2014-04-03 2
0.6 0 0 2014-04-03 2
0.7 0 0 2014-04-03 2
0.8 0 0 2014-04-03 2
