2.2 0 0 2009-06-12 2
2.3 1 0 2009-06-12 2
4.2 4 0 2009-06-12 2
4.3 0 0 2009-06-12 2
4.4 1 0 2009-06-12 2
7.2 1 0 2009-06-12 2
7.4 0 0 2009-06-12 2
5.3 2 0 2010-05-09 1
5.4 0 1 2010-05-09 1
5.5 0 0 2010-05-09 1
5.6 0 0 2010-05-09 1
5.7 1 0 2010-05-09 1
7.1 0 0 2010-05-09 1
7.2 1 0 2010-05-09 1
7.4 1 0 2010-05-09 1
9.1 0 0 2010-05-09 1
9.2 6 0 2010-05-09 1
9.3 0 0 2010-05-09 1
9.4 1 0 2010-05-09 1
9.6 1 0 2010-05-09 1
14.2 4 0 2010-05-09 1
14.3 0 0 2010-05-09 1
14.4 1 0 2010-05-09 1
14.6 1 0 2010-05-09 1
