10.1 1 0 2009-06-06 2
10.4 1 0 2009-06-06 2
12.2 0 0 2009-06-06 2
12.3 1 0 2009-06-06 2
12.7 2 0 2009-06-06 2
0.2 0 0 2012-09-22 1
0.3 0 4 2012-09-22 1
0.4 0 1 2012-09-22 1
0.5 1 0 2012-09-22 1
0.7 0 0 2012-09-22 1
10.1 0 0 2012-09-22 1
1.2 1 0 2012-10-05 1
4.2 0 0 2012-10-05 1
4.3 0 0 2012-10-05 1
4.4 0 1 2012-10-05 1
4.6 6 0 2012-10-05 1
12.6 4 0 2012-10-05 1
16.1 4 0 2012-10-05 1
16.2 0 0 2012-10-05 1
16.3 1 0 2012-10-05 1
5.1 2 0 2014-03-28 2
5.2 2 0 2014-03-28 2
5.3 6 0 2014-03-28 2
5.4 0 0 2014-03-28 2
5.5 0 0 2014-03-28 2
5.6 1 0 2014-03-28 2
