1.5 1 0 2012-09-22 1
3.1 0 0 2012-09-22 1
3.2 0 1 2012-09-22 1
3.3 2 0 2012-09-22 1
3.4 0 0 2012-09-22 1
3.5 1 0 2012-09-22 1
9.1 0 1 2012-09-22 1
9.3 0 0 2012-09-22 1
9.4 1 0 2012-09-22 1
9.6 1 0 2012-09-22 1
2.1 1 0 2012-10-05 1
2.3 0 0 2012-10-05 1
2.4 0 1 2012-10-05 1
2.5 1 0 2012-10-05 1
11.2 0 5 2012-10-05 1
11.3 0 0 2012-10-05 1
11.4 1 0 2012-10-05 1
18.1 6 0 2012-10-05 1
18.2 0 0 2012-10-05 1
18.3 1 0 2012-10-05 1
1.1 0 0 2014-03-28 2
1.2 0 0 2014-03-28 2
1.3 4 0 2014-03-28 2
1.4 4 0 2014-03-28 2
1.5 4 0 2014-03-28 2
1.6 4 0 2014-03-28 2
