7.1 0 0 2014-03-09 1
7.2 0 0 2014-03-09 1
7.3 0 0 2014-03-09 1
7.4 1 0 2014-03-09 1
9.1 0 0 2014-03-09 1
9.2 6 0 2014-03-09 1
9.3 0 1 2014-03-09 1
11.2 0 0 2014-03-09 1
11.3 0 0 2014-03-09 1
3.1 0 0 2014-03-11 2
3.2 0 0 2014-03-11 2
3.3 0 0 2014-03-11 2
3.4 4 0 2014-03-11 2
3.5 6 0 2014-03-11 2
3.6 0 0 2014-03-11 2
5.1 6 0 2014-03-11 2
5.2 0 0 2014-03-11 2
5.3 0 0 2014-03-11 2
5.4 0 0 2014-03-11 2
5.5 0 0 2014-03-11 2
5.6 0 0 2014-03-11 2
7.2 0 0 2014-03-11 2
7.3 1 0 2014-03-11 2
7.5 0 0 2014-03-11 2
7.6 0 0 2014-03-11 2
9.1 1 0 2014-03-11 2
9.4 0 0 2014-03-11 2
9.5 6 0 2014-03-11 2
9.6 0 0 2014-03-11 2
