0.1 0 0 2007-06-28 1
0.2 0 0 2007-06-28 1
0.3 0 0 2007-06-28 1
0.4 1 0 2007-06-28 1
0.1 4 0 2007-06-29 1
0.2 3 0 2007-06-29 1
2.1 0 0 2007-06-29 1
2.2 0 0 2007-06-29 1
2.3 4 0 2007-06-29 1
2.4 2 0 2007-06-29 1
2.5 4 0 2007-06-29 1
2.6 1 0 2007-06-29 1
1.1 4 0 2009-06-15 2
1.2 0 0 2009-06-15 2
1.3 4 0 2009-06-15 2
1.4 2 0 2009-06-15 2
1.5 0 0 2009-06-15 2
0.1 0 0 2010-05-03 2
0.2 0 0 2010-05-03 2
0.3 4 0 2010-05-03 2
0.4 4 0 2010-05-03 2
0.5 0 1 2010-05-03 2
0.6 0 0 2010-05-03 2
0.7 6 0 2010-05-03 2
