1.1 0 0 2008-12-26 2
1.2 4 0 2008-12-26 2
1.3 4 0 2008-12-26 2
1.4 0 0 2008-12-26 2
1.5 0 0 2008-12-26 2
1.6 4 0 2008-12-26 2
3.1 4 0 2008-12-26 2
3.2 0 0 2008-12-26 2
3.3 6 0 2008-12-26 2
3.4 6 0 2008-12-26 2
3.5 0 0 2008-12-26 2
3.6 2 0 2008-12-26 2
10.1 1 0 2008-12-26 2
10.6 1 0 2008-12-26 2
2.3 0 1 2012-06-30 1
2.4 0 0 2012-06-30 1
2.5 4 0 2012-06-30 1
2.6 0 0 2012-06-30 1
2.7 0 0 2012-06-30 1
4.1 1 0 2012-06-30 1
17.6 2 0 2012-06-30 1
19.4 4 0 2012-06-30 1
19.5 1 0 2012-06-30 1
3.4 1 0 2012-07-01 1
3.6 1 0 2012-07-01 1
10.2 1 0 2012-07-01 1
4.2 1 0 2012-10-01 1
4.4 0 1 2012-10-01 1
4.5 1 0 2012-10-01 1
6.2 0 0 2012-10-01 1
