12.1 0 0 2010-10-08 2
12.2 0 0 2010-10-08 2
12.3 1 0 2010-10-08 2
12.6 0 0 2010-10-08 2
14.4 1 0 2010-10-08 2
14.6 1 0 2010-10-08 2
14.1 2 0 2010-10-10 1
14.2 4 0 2010-10-10 1
14.3 1 0 2010-10-10 1
14.5 0 0 2010-10-10 1
14.6 1 0 2010-10-10 1
17.2 4 0 2010-10-10 1
17.3 2 0 2010-10-10 1
17.4 0 0 2010-10-10 1
17.5 0 0 2010-10-10 1
17.6 0 1 2010-10-10 1
17.7 4 0 2010-10-10 1
19.1 4 0 2010-10-10 1
19.2 6 0 2010-10-10 1
19.3 0 1 2010-10-10 1
19.4 1 0 2010-10-10 1
19.6 6 0 2010-10-10 1
19.7 4 0 2010-10-10 1
