9.3 2 0 2009-06-18 2
9.4 0 0 2009-06-18 2
9.5 1 0 2009-06-18 2
15.1 0 1 2009-06-18 2
15.3 1 0 2009-06-18 2
15.5 2 0 2009-06-18 2
15.6 1 0 2009-06-18 2
17.2 1 0 2009-06-18 2
17.4 4 0 2009-06-18 2
17.5 0 4 2009-06-18 2
17.6 0 0 2009-06-18 2
9.2 0 0 2010-10-26 2
9.3 0 0 2010-10-26 2
9.4 0 0 2010-10-26 2
9.5 4 0 2010-10-26 2
9.6 1 0 2010-10-26 2
11.1 1 0 2010-10-26 2
11.3 0 0 2010-10-26 2
11.4 1 0 2010-10-26 2
11.7 0 0 2010-10-26 2
13.1 1 0 2010-10-26 2
13.6 1 0 2010-10-26 2
15.1 1 0 2010-10-26 2
15.5 0 0 2010-10-26 2
13.1 1 0 2010-10-27 2
15.3 0 1 2010-10-27 2
15.4 6 0 2010-10-27 2
15.5 0 0 2010-10-27 2
15.6 1 0 2010-10-27 2
17.1 1 0 2010-10-27 2
17.5 0 1 2010-10-27 2
5.3 0 0 2012-09-28 1
5.4 0 0 2012-09-28 1
5.5 0 0 2012-09-28 1
5.6 0 0 2012-09-28 1
11.1 1 0 2012-09-28 1
11.3 1 0 2012-09-28 1
14.1 1 0 2012-09-28 1
14.4 1 0 2012-09-28 1
14.6 4 0 2012-09-28 1
16.4 4 0 2012-09-28 1
16.5 1 0 2012-09-28 1
12.2 1 0 2013-11-22 2
12.4 1 0 2013-11-22 2
12.6 1 0 2013-11-22 2
15.2 1 0 2013-11-22 2
15.5 1 0 2013-11-22 2
17.1 2 0 2013-11-22 2
17.2 6 0 2013-11-22 2
17.3 1 0 2013-11-22 2
17.5 4 0 2013-11-22 2
17.6 1 0 2013-11-22 2
