3.1 0 0 2010-10-26 2
3.2 0 0 2010-10-26 2
3.3 0 0 2010-10-26 2
3.4 1 0 2010-10-26 2
5.3 1 0 2010-10-26 2
5.6 0 0 2010-10-26 2
7.1 2 0 2010-10-26 2
7.2 0 0 2010-10-26 2
7.3 0 0 2010-10-26 2
7.4 1 0 2010-10-26 2
7.6 2 0 2010-10-26 2
11.5 0 1 2010-10-27 2
11.6 1 0 2010-10-27 2
6.5 1 0 2012-09-28 1
8.1 0 0 2012-09-28 1
8.2 1 0 2012-09-28 1
8.4 0 0 2012-09-28 1
8.5 1 0 2012-09-28 1
10.1 0 0 2012-09-28 1
10.2 1 0 2012-09-28 1
10.4 2 0 2012-09-28 1
10.5 1 0 2012-09-28 1
12.1 6 0 2012-09-28 1
12.2 1 0 2012-09-28 1
12.5 1 0 2012-09-28 1
13.1 1 0 2013-11-20 1
13.3 1 0 2013-11-20 1
