3.2 0 0 2011-10-13 1
3.3 0 0 2011-10-13 1
3.4 1 0 2011-10-13 1
13.2 1 0 2011-10-13 1
13.6 0 1 2011-10-13 1
13.7 1 0 2011-10-13 1
18.3 0 0 2011-10-13 1
3.2 0 0 2011-10-16 2
3.3 0 0 2011-10-16 2
3.4 0 0 2011-10-16 2
3.5 0 0 2011-10-16 2
4.2 0 0 2012-09-30 1
4.3 1 0 2012-09-30 1
4.6 1 0 2012-09-30 1
6.5 4 0 2012-09-30 1
6.6 1 0 2012-09-30 1
16.1 2 0 2014-11-05 2
16.2 0 0 2014-11-05 2
16.3 0 0 2014-11-05 2
16.4 1 0 2014-11-05 2
7.1 0 0 2014-11-07 1
7.2 0 0 2014-11-07 1
7.3 0 0 2014-11-07 1
7.4 0 0 2014-11-07 1
7.5 0 0 2014-11-07 1
7.6 0 0 2014-11-07 1
9.2 1 0 2014-11-07 1
9.4 1 0 2014-11-07 1
17.2 1 0 2014-11-07 1
17.6 1 0 2014-11-07 1
17.1 0 0 2014-11-09 1
17.2 1 0 2014-11-09 1
17.4 0 1 2014-11-09 1
17.6 1 0 2014-11-09 1
