4.1 0 0 2013-08-02 1
4.2 0 0 2013-08-02 1
4.3 0 0 2013-08-02 1
4.4 4 0 2013-08-02 1
4.5 2 0 2013-08-02 1
4.6 0 0 2013-08-02 1
10.3 0 0 2013-08-02 1
10.4 0 0 2013-08-02 1
10.5 1 0 2013-08-02 1
12.1 1 0 2013-08-02 1
12.4 0 0 2013-08-02 1
12.5 0 0 2013-08-02 1
12.6 1 0 2013-08-02 1
10.1 0 0 2013-08-04 1
10.2 1 0 2013-08-04 1
10.6 1 0 2013-08-04 1
12.1 1 0 2013-08-04 1
12.3 1 0 2013-08-04 1
14.5 1 0 2013-08-04 1
8.4 0 1 2013-08-06 1
5.2 0 0 2014-03-22 2
5.3 0 1 2014-03-22 2
5.4 1 0 2014-03-22 2
5.7 0 0 2014-03-22 2
13.1 1 0 2014-03-22 2
