9.1 0 0 2013-08-02 1
9.2 1 0 2013-08-02 1
9.4 0 0 2013-08-02 1
9.5 0 0 2013-08-02 1
9.6 0 4 2013-08-02 1
14.3 1 0 2013-08-02 1
14.5 6 0 2013-08-02 1
14.6 1 0 2013-08-02 1
17.1 1 0 2013-08-02 1
17.5 1 0 2013-08-02 1
19.1 4 0 2013-08-02 1
19.2 1 0 2013-08-02 1
19.4 0 0 2013-08-02 1
19.5 0 0 2013-08-02 1
9.3 1 0 2013-08-04 1
9.6 1 0 2013-08-04 1
11.1 4 0 2013-08-04 1
11.2 2 0 2013-08-04 1
11.3 4 0 2013-08-04 1
11.4 3 0 2013-08-04 1
11.6 1 0 2013-08-04 1
13.2 0 0 2013-08-04 1
13.3 0 0 2013-08-04 1
13.4 0 0 2013-08-04 1
13.5 0 0 2013-08-04 1
13.6 4 0 2013-08-04 1
7.3 1 0 2013-08-06 1
7.5 0 0 2013-08-06 1
7.6 2 0 2013-08-06 1
10.1 1 0 2013-08-06 1
10.3 1 0 2013-08-06 1
12.1 1 0 2013-08-06 1
12.3 1 0 2013-08-06 1
12.6 4 0 2013-08-06 1
17.3 0 2 2013-08-06 1
17.6 2 0 2013-08-06 1
17.7 1 0 2013-08-06 1
9.3 4 0 2014-03-22 2
9.4 6 0 2014-03-22 2
9.5 0 0 2014-03-22 2
9.6 0 1 2014-03-22 2
14.1 1 0 2014-03-22 2
14.3 1 0 2014-03-22 2
14.6 1 0 2014-03-22 2
