7.3 0 2 2009-01-11 2
7.5 1 0 2009-01-11 2
7.7 3 0 2009-01-11 2
9.1 1 0 2009-01-11 2
9.3 2 0 2009-01-11 2
9.4 1 0 2009-01-11 2
9.6 2 0 2009-01-11 2
11.1 1 0 2009-01-11 2
11.3 1 0 2009-01-11 2
11.5 1 0 2009-01-11 2
15.2 0 0 2009-01-11 2
7.1 1 0 2009-01-13 1
7.5 4 0 2009-01-13 1
7.6 1 0 2009-01-13 1
9.2 1 0 2009-01-13 1
9.4 1 0 2009-01-13 1
9.6 1 0 2009-01-13 1
11.3 1 0 2009-01-13 1
11.5 1 0 2009-01-13 1
6.3 1 0 2009-03-27 2
6.5 1 0 2009-03-27 2
8.1 0 0 2009-03-27 2
8.2 0 0 2009-03-27 2
8.3 2 0 2009-03-27 2
8.4 1 0 2009-03-27 2
10.1 0 0 2009-03-27 2
10.2 1 0 2009-03-27 2
10.6 1 0 2009-03-27 2
7.1 0 0 2009-03-29 1
7.2 1 0 2009-03-29 1
7.5 1 0 2009-03-29 1
11.2 1 0 2009-03-29 1
11.4 1 0 2009-03-29 1
13.1 0 0 2009-03-29 1
13.2 1 0 2009-03-29 1
13.6 1 0 2009-03-29 1
6.2 1 0 2011-10-13 1
6.4 1 0 2011-10-13 1
6.6 0 0 2011-10-13 1
8.4 1 0 2011-10-13 1
8.6 0 0 2011-10-13 1
14.1 2 0 2011-10-13 1
14.2 0 0 2011-10-13 1
14.3 1 0 2011-10-13 1
14.5 4 0 2011-10-13 1
14.6 1 0 2011-10-13 1
