6.2 1 0 2009-01-11 2
6.4 1 0 2009-01-11 2
6.6 4 0 2009-01-11 2
8.1 1 0 2009-01-11 2
8.4 1 0 2009-01-11 2
10.2 1 0 2009-01-11 2
10.4 2 0 2009-01-11 2
10.5 1 0 2009-01-11 2
12.1 0 0 2009-01-11 2
12.2 1 0 2009-01-11 2
12.5 4 0 2009-01-11 2
12.6 4 0 2009-01-11 2
12.7 1 0 2009-01-11 2
5.6 0 0 2009-01-13 1
10.1 1 0 2009-01-13 1
10.3 1 0 2009-01-13 1
10.5 1 0 2009-01-13 1
13.1 6 0 2009-01-13 1
13.2 1 0 2009-01-13 1
13.4 1 0 2009-01-13 1
15.4 4 0 2009-01-13 1
15.5 1 0 2009-01-13 1
7.6 1 0 2009-03-27 2
9.1 1 0 2009-03-27 2
9.3 1 0 2009-03-27 2
9.6 1 0 2009-03-27 2
11.1 4 0 2009-03-27 2
11.2 4 0 2009-03-27 2
11.3 0 1 2009-03-27 2
11.4 0 0 2009-03-27 2
6.3 0 0 2009-03-29 1
6.4 1 0 2009-03-29 1
8.3 0 0 2009-03-29 1
8.4 0 0 2009-03-29 1
8.5 1 0 2009-03-29 1
10.1 0 0 2009-03-29 1
10.2 1 0 2009-03-29 1
10.6 4 0 2009-03-29 1
12.4 0 0 2009-03-29 1
12.5 1 0 2009-03-29 1
