8.4 0 0 2009-06-18 2
8.5 1 0 2009-06-18 2
10.3 0 0 2009-06-18 2
10.4 0 0 2009-06-18 2
10.5 1 0 2009-06-18 2
12.2 1 0 2009-06-18 2
12.6 1 0 2009-06-18 2
11.2 1 0 2010-05-10 2
11.4 1 0 2010-05-10 2
11.6 0 1 2010-05-10 2
10.1 2 0 2010-10-26 2
10.2 1 0 2010-10-26 2
10.4 4 0 2010-10-26 2
10.5 0 0 2010-10-26 2
10.6 1 0 2010-10-26 2
12.3 1 0 2010-10-26 2
12.6 1 0 2010-10-26 2
12.1 0 0 2010-10-27 2
12.2 0 0 2010-10-27 2
12.3 0 0 2010-10-27 2
12.4 0 0 2010-10-27 2
12.5 1 0 2010-10-27 2
7.2 1 0 2012-09-28 1
7.4 1 0 2012-09-28 1
9.2 1 0 2012-09-28 1
9.5 1 0 2012-09-28 1
13.1 0 1 2012-09-28 1
13.3 1 0 2012-09-28 1
13.5 1 0 2012-09-28 1
15.4 0 1 2012-09-28 1
15.5 2 0 2012-09-28 1
15.6 1 0 2012-09-28 1
12.1 0 0 2013-11-20 1
12.2 1 0 2013-11-20 1
12.4 1 0 2013-11-20 1
12.6 1 0 2013-11-20 1
14.3 0 0 2013-11-20 1
14.4 0 0 2013-11-20 1
14.5 0 0 2013-11-20 1
14.6 0 0 2013-11-20 1
11.5 1 0 2013-11-22 2
13.1 6 0 2013-11-22 2
13.2 1 0 2013-11-22 2
13.4 2 0 2013-11-22 2
13.5 1 0 2013-11-22 2
