13.1 0 1 2009-06-18 2
13.2 4 0 2009-06-18 2
13.3 0 0 2009-06-18 2
13.4 0 1 2009-06-18 2
16.1 0 0 2009-06-18 2
16.2 0 1 2009-06-18 2
16.4 1 0 2009-06-18 2
18.2 1 0 2009-06-18 2
18.4 1 0 2009-06-18 2
18.6 1 0 2009-06-18 2
6.2 0 0 2010-10-26 2
6.3 1 0 2010-10-26 2
8.5 0 0 2010-10-26 2
8.6 4 0 2010-10-26 2
14.1 0 0 2010-10-26 2
14.2 0 0 2010-10-26 2
14.3 1 0 2010-10-26 2
14.1 1 0 2010-10-27 2
18.1 1 0 2010-10-27 2
18.4 6 0 2010-10-27 2
17.3 0 0 2012-09-28 1
17.4 2 0 2012-09-28 1
17.5 1 0 2012-09-28 1
