9.4 1 0 2009-11-13 2
9.1 1 0 2010-05-08 2
9.6 2 0 2010-05-08 2
11.1 1 0 2010-05-08 2
11.4 1 0 2010-05-08 2
11.7 1 0 2010-05-08 2
13.1 6 0 2010-05-08 2
13.2 1 0 2010-05-08 2
13.4 1 0 2010-05-08 2
7.1 0 0 2012-09-08 2
7.2 1 0 2012-09-08 2
7.4 0 0 2012-09-08 2
7.5 1 0 2012-09-08 2
9.1 0 0 2012-09-08 2
9.2 3 0 2012-09-08 2
9.4 1 0 2012-09-08 2
9.6 1 0 2012-09-08 2
11.1 0 0 2012-09-08 2
11.2 1 0 2012-09-08 2
11.5 0 0 2012-09-08 2
11.6 2 0 2012-09-08 2
13.1 0 0 2012-09-08 2
13.2 0 0 2012-09-08 2
13.3 1 0 2012-09-08 2
13.5 0 0 2012-09-08 2
13.6 1 0 2012-09-08 2
5.1 1 0 2012-09-10 1
5.3 1 0 2012-09-10 1
5.5 0 0 2012-09-10 1
