12.1 0 0 2009-06-09 1
12.2 1 0 2009-06-09 1
12.6 2 0 2009-06-09 1
14.3 1 0 2009-06-09 1
14.5 1 0 2009-06-09 1
14.6 1 0 2009-06-09 1
6.2 1 0 2012-02-17 1
6.4 1 0 2012-02-17 1
6.6 1 0 2012-02-17 1
8.2 2 0 2012-02-22 1
8.3 1 0 2012-02-22 1
8.5 0 0 2012-02-22 1
8.6 1 0 2012-02-22 1
10.2 4 0 2012-02-22 1
10.3 1 0 2012-02-22 1
10.6 5 0 2012-02-22 1
6.5 1 0 2014-03-24 1
8.2 1 0 2014-03-24 1
8.6 1 0 2014-03-24 1
10.2 1 0 2014-03-24 1
10.4 2 0 2014-03-24 1
10.5 1 0 2014-03-24 1
12.1 1 0 2014-03-24 1
12.3 1 0 2014-03-24 1
