7.3 0 0 2010-02-03 1
7.4 0 0 2010-02-03 1
7.5 0 0 2010-02-03 1
7.6 0 0 2010-02-03 1
9.2 4 0 2010-02-03 1
9.3 0 0 2010-02-03 1
9.4 0 0 2010-02-03 1
9.5 1 0 2010-02-03 1
11.1 0 0 2010-02-03 1
11.2 0 0 2010-02-03 1
11.3 1 0 2010-02-03 1
11.6 1 0 2010-02-03 1
13.1 0 0 2010-02-03 1
13.2 0 0 2010-02-03 1
8.4 1 0 2012-09-21 2
10.2 1 0 2012-09-21 2
12.1 1 0 2012-09-21 2
12.3 0 0 2012-09-21 2
12.4 0 0 2012-09-21 2
12.5 1 0 2012-09-21 2
14.2 0 0 2012-09-21 2
11.2 1 0 2013-11-06 2
11.4 0 0 2013-11-06 2
11.5 1 0 2013-11-06 2
