1.1 1 0 2013-08-29 1
1.3 4 0 2013-08-29 1
1.4 0 0 2013-08-29 1
1.5 1 0 2013-08-29 1
3.3 3 0 2013-08-29 1
13.2 0 0 2013-08-29 1
13.3 6 0 2013-08-29 1
13.4 1 0 2013-08-29 1
15.1 6 0 2013-08-29 1
15.2 1 0 2013-08-29 1
15.6 1 0 2013-08-29 1
1.1 4 0 2013-08-31 2
1.2 0 0 2013-08-31 2
0.2 0 0 2014-01-29 1
0.3 1 0 2014-01-29 1
2.1 6 0 2014-01-29 1
2.2 0 0 2014-01-29 1
2.3 1 0 2014-01-29 1
10.1 0 0 2014-01-29 1
10.2 1 0 2014-01-29 1
10.4 0 0 2014-01-29 1
2.1 1 0 2014-01-31 2
2.3 0 0 2014-01-31 2
2.4 0 0 2014-01-31 2
2.5 4 0 2014-01-31 2
2.6 4 0 2014-01-31 2
0.4 1 0 2014-02-02 1
0.6 0 0 2014-02-02 1
2.5 1 0 2014-02-02 1
