16.1 0 0 2011-01-12 1
16.2 4 0 2011-01-12 1
16.3 1 0 2011-01-12 1
18.1 1 0 2011-01-12 1
18.3 0 0 2011-01-12 1
18.4 0 1 2011-01-12 1
17.2 1 0 2011-01-14 1
17.4 0 1 2011-01-14 1
17.6 0 1 2011-01-14 1
19.3 2 0 2011-01-14 1
19.4 2 0 2011-01-14 1
19.5 2 0 2011-01-14 1
19.6 2 0 2011-01-14 1
3.3 0 0 2014-01-29 1
3.4 0 0 2014-01-29 1
3.5 6 0 2014-01-29 1
3.6 1 0 2014-01-29 1
5.2 1 0 2014-01-29 1
5.4 0 0 2014-01-29 1
5.5 1 0 2014-01-29 1
3.3 0 0 2014-01-31 2
3.4 0 0 2014-01-31 2
3.5 0 0 2014-01-31 2
3.6 0 0 2014-01-31 2
5.1 0 0 2014-01-31 2
4.1 0 0 2014-02-02 1
4.2 1 0 2014-02-02 1
4.6 1 0 2014-02-02 1
6.2 6 0 2014-02-02 1
6.3 0 0 2014-02-02 1
6.4 0 0 2014-02-02 1
