1.1 0 0 2012-09-10 1
1.2 4 0 2012-09-10 1
1.3 0 0 2012-09-10 1
1.4 3 0 2012-09-10 1
1.6 2 0 2012-09-10 1
7.1 4 0 2012-09-10 1
7.2 0 0 2012-09-10 1
7.3 4 0 2012-09-10 1
7.4 1 1 2012-09-10 1
2.1 4 0 2012-09-12 2
2.2 0 1 2012-09-12 2
2.5 1 0 2012-09-12 2
5.1 0 0 2012-09-12 2
5.2 0 1 2012-09-12 2
5.3 0 0 2012-09-12 2
5.4 0 0 2012-09-12 2
5.5 2 0 2012-09-12 2
5.6 4 0 2012-09-12 2
5.7 0 0 2012-09-12 2
7.1 1 0 2014-03-29 1
7.4 2 0 2014-03-29 1
7.5 0 0 2014-03-29 1
7.6 4 0 2014-03-29 1
10.2 1 0 2014-03-29 1
10.4 2 0 2014-03-29 1
10.5 0 0 2014-03-29 1
