0.3 0 0 2012-02-17 1
0.4 2 0 2012-02-17 1
0.5 0 0 2012-02-17 1
0.6 0 0 2012-02-17 1
2.1 0 0 2012-02-17 1
2.2 1 0 2012-02-17 1
2.4 4 0 2012-02-17 1
2.5 0 0 2012-02-17 1
2.6 1 0 2012-02-17 1
0.2 1 0 2012-02-19 2
2.1 0 0 2012-02-19 2
6.1 1 0 2014-03-24 1
6.3 1 0 2014-03-24 1
6.6 0 0 2014-03-24 1
8.1 1 0 2014-03-24 1
8.3 0 0 2014-03-24 1
8.4 4 0 2014-03-24 1
8.5 1 0 2014-03-24 1
10.1 1 0 2014-03-24 1
10.3 1 0 2014-03-24 1
10.6 0 0 2014-03-24 1
12.2 1 0 2014-03-24 1
12.4 2 0 2014-03-24 1
12.5 0 0 2014-03-24 1
12.6 1 0 2014-03-24 1
7.1 1 0 2015-08-14 2
7.3 1 0 2015-08-14 2
7.5 1 0 2015-08-14 2
9.2 2 0 2015-08-14 2
9.3 1 0 2015-08-14 2
11.2 1 0 2015-08-14 2
11.5 0 0 2015-08-14 2
11.6 0 0 2015-08-14 2
15.1 1 0 2015-08-14 2
15.3 6 0 2015-08-14 2
15.4 0 1 2015-08-14 2
15.6 4 0 2015-08-14 2
0.1 0 0 2015-08-16 2
0.2 1 0 2015-08-16 2
0.4 1 0 2015-08-16 2
0.6 1 0 2015-08-16 2
