16.2 0 0 2013-02-09 1
16.3 6 0 2013-02-09 1
16.4 6 0 2013-02-09 1
16.5 4 0 2013-02-09 1
16.6 1 0 2013-02-09 1
9.2 1 0 2013-02-12 2
9.4 1 0 2013-02-12 2
13.1 0 1 2013-02-12 2
13.2 4 0 2013-02-12 2
13.3 4 0 2013-02-12 2
13.4 1 0 2013-02-12 2
13.6 4 0 2013-02-12 2
13.7 1 0 2013-02-12 2
17.1 2 0 2013-06-25 2
17.2 2 0 2013-06-25 2
17.3 1 0 2013-06-25 2
9.7 1 0 2014-03-22 1
11.1 4 0 2014-03-22 1
11.2 0 0 2014-03-22 1
11.3 4 0 2014-03-22 1
11.4 0 0 2014-03-22 1
11.5 2 0 2014-03-22 1
11.6 0 0 2014-03-22 1
