9.1 0 0 2006-08-28 2
9.2 1 0 2006-08-28 2
9.5 1 0 2006-08-28 2
11.3 1 0 2006-08-28 2
11.5 1 0 2006-08-28 2
13.1 4 0 2006-08-28 2
13.2 1 0 2006-08-28 2
13.5 1 0 2006-08-28 2
6.2 1 0 2010-05-06 1
6.4 4 0 2010-05-06 1
6.5 4 0 2010-05-06 1
6.6 1 0 2010-05-06 1
10.3 0 0 2010-05-06 1
7.1 0 0 2010-09-07 1
7.2 0 0 2010-09-07 1
7.3 0 0 2010-09-07 1
7.4 0 0 2010-09-07 1
7.5 0 0 2010-09-07 1
7.6 1 0 2010-09-07 1
9.4 1 0 2010-09-07 1
13.1 0 0 2010-09-07 1
13.2 0 0 2010-09-07 1
13.3 4 0 2010-09-07 1
13.4 0 0 2010-09-07 1
13.5 0 0 2010-09-07 1
13.6 1 0 2010-09-07 1
