5.1 0 0 2011-09-16 1
5.2 4 0 2011-09-16 1
5.3 4 0 2011-09-16 1
5.4 0 1 2011-09-16 1
9.1 0 1 2011-09-16 1
9.2 2 0 2011-09-16 1
9.3 1 0 2011-09-16 1
9.5 1 0 2011-09-16 1
13.1 2 0 2011-09-16 1
13.2 1 0 2011-09-16 1
13.4 0 1 2011-09-16 1
13.6 4 0 2011-09-16 1
5.1 1 0 2011-09-18 1
5.3 1 0 2011-09-18 1
11.1 1 0 2011-09-18 1
11.3 1 0 2011-09-18 1
11.6 0 0 2011-09-18 1
13.3 1 0 2011-09-18 1
13.7 2 0 2011-09-18 1
7.1 0 1 2013-08-24 1
7.2 0 1 2013-08-24 1
7.3 1 0 2013-08-24 1
7.5 4 0 2013-08-24 1
7.6 0 0 2013-08-24 1
7.7 1 0 2013-08-24 1
