4.1 0 5 2011-09-16 1
4.2 1 0 2011-09-16 1
4.6 1 0 2011-09-16 1
4.9 0 0 2011-09-16 1
4.1 1 0 2011-09-16 1
6.3 0 0 2011-09-16 1
6.4 1 0 2011-09-16 1
12.1 1 0 2011-09-16 1
12.3 0 3 2011-09-16 1
12.4 0 0 2011-09-16 1
12.5 0 1 2011-09-16 1
12.6 6 0 2011-09-16 1
12.7 2 0 2011-09-16 1
12.8 1 0 2011-09-16 1
4.1 0 0 2011-09-18 1
4.2 1 0 2011-09-18 1
7.1 4 0 2011-09-18 1
7.2 1 0 2011-09-18 1
7.4 0 0 2011-09-18 1
7.5 1 0 2011-09-18 1
9.1 0 0 2011-09-18 1
9.2 1 0 2011-09-18 1
9.4 4 0 2011-09-18 1
9.5 1 0 2011-09-18 1
14.2 0 0 2011-09-18 1
