1.3 0 0 2012-06-03 1
1.4 0 0 2012-06-03 1
1.5 0 0 2012-06-03 1
1.6 4 0 2012-06-03 1
3.1 0 0 2012-06-03 1
3.2 0 0 2012-06-03 1
3.3 0 0 2012-06-03 1
3.4 0 0 2012-06-03 1
3.5 4 0 2012-06-03 1
3.6 0 0 2012-06-03 1
0.1 0 0 2012-10-04 2
0.2 1 0 2012-10-04 2
9.3 1 0 2012-10-04 2
11.1 0 0 2012-10-04 2
11.2 1 0 2012-10-04 2
11.4 4 0 2012-10-04 2
11.5 0 0 2012-10-04 2
11.6 1 0 2012-10-04 2
7.3 0 0 2013-12-11 2
7.4 2 0 2013-12-11 2
7.5 1 0 2013-12-11 2
9.4 4 0 2013-12-11 2
9.5 6 0 2013-12-11 2
9.6 2 0 2013-12-11 2
3.1 0 0 2015-07-30 1
3.2 1 0 2015-07-30 1
3.5 4 0 2015-07-30 1
3.6 2 0 2015-07-30 1
5.3 4 0 2015-07-30 1
5.4 0 0 2015-07-30 1
5.5 0 0 2015-07-30 1
5.6 0 0 2015-07-30 1
