4.2 0 0 2007-09-20 2
4.3 4 0 2007-09-20 2
4.4 2 0 2007-09-20 2
4.5 0 0 2007-09-20 2
4.6 0 0 2007-09-20 2
1.6 0 0 2011-11-29 1
1.7 0 0 2011-11-29 1
1.8 0 0 2011-11-29 1
5.2 0 0 2011-11-29 1
5.3 0 0 2011-11-29 1
5.4 0 0 2011-11-29 1
5.5 6 0 2011-11-29 1
5.6 0 0 2011-11-29 1
5.1 0 0 2012-09-25 2
5.2 0 0 2012-09-25 2
5.3 0 0 2012-09-25 2
5.4 1 0 2012-09-25 2
7.2 1 0 2012-09-25 2
7.6 0 0 2012-09-25 2
11.1 0 0 2012-09-25 2
11.2 4 0 2012-09-25 2
11.3 4 0 2012-09-25 2
11.4 1 0 2012-09-25 2
11.6 1 0 2012-09-25 2
4.4 0 0 2014-03-30 1
4.5 1 0 2014-03-30 1
6.1 0 0 2014-03-30 1
6.2 1 0 2014-03-30 1
6.4 1 0 2014-03-30 1
8.2 1 0 2014-03-30 1
8.4 2 0 2014-03-30 1
8.5 0 0 2014-03-30 1
