3.1 0 0 2010-12-26 1
3.2 4 0 2010-12-26 1
3.3 0 0 2010-12-26 1
3.4 0 0 2010-12-26 1
3.5 1 0 2010-12-26 1
1.3 6 0 2010-12-28 2
1.4 1 0 2010-12-28 2
3.1 2 0 2010-12-28 2
3.2 0 0 2010-12-28 2
3.3 1 0 2010-12-28 2
3.5 1 0 2010-12-28 2
3.1 4 0 2010-12-30 1
3.2 1 0 2010-12-30 1
3.4 0 0 2010-12-30 1
3.5 0 0 2010-12-30 1
3.6 0 0 2010-12-30 1
5.2 4 0 2010-12-30 1
5.3 4 0 2010-12-30 1
5.4 4 0 2010-12-30 1
5.5 0 0 2010-12-30 1
5.6 0 0 2010-12-30 1
0.1 0 0 2012-09-23 1
0.2 0 0 2012-09-23 1
0.3 1 0 2012-09-23 1
2.2 0 1 2012-09-23 1
