1.1 0 0 2011-11-25 2
1.2 0 0 2011-11-25 2
1.3 1 0 2011-11-25 2
3.1 4 0 2011-11-25 2
3.2 2 0 2011-11-25 2
3.3 0 0 2011-11-25 2
3.4 0 0 2011-11-25 2
3.5 2 0 2011-11-25 2
3.6 0 0 2011-11-25 2
4.2 0 0 2012-06-03 1
4.3 0 0 2012-06-03 1
4.4 0 0 2012-06-03 1
4.5 2 0 2012-06-03 1
4.6 0 0 2012-06-03 1
6.1 2 0 2012-06-03 1
6.2 0 0 2012-06-03 1
6.3 0 0 2012-06-03 1
6.4 1 0 2012-06-03 1
6.1 4 0 2012-10-04 2
6.2 2 0 2012-10-04 2
6.3 0 0 2012-10-04 2
6.4 0 0 2012-10-04 2
6.5 1 0 2012-10-04 2
10.2 1 0 2013-12-11 2
10.4 1 0 2013-12-11 2
7.1 3 0 2015-07-30 1
7.3 0 0 2015-07-30 1
3.1 0 0 2015-08-01 2
3.2 0 0 2015-08-01 2
3.3 0 0 2015-08-01 2
3.4 0 0 2015-08-01 2
3.5 0 1 2015-08-01 2
5.1 1 0 2015-08-01 2
