3.2 1 0 2010-10-26 1
3.4 1 0 2010-10-26 1
3.6 2 0 2010-10-26 1
5.2 0 0 2010-10-26 1
5.3 0 1 2010-10-26 1
3.1 0 0 2010-10-27 1
3.2 4 0 2010-10-27 1
3.3 4 0 2010-10-27 1
3.4 1 0 2010-10-27 1
3.6 1 0 2010-10-27 1
3.4 0 0 2013-03-03 1
3.5 0 0 2013-03-03 1
3.6 0 0 2013-03-03 1
8.4 2 0 2013-03-03 1
8.5 1 0 2013-03-03 1
12.1 4 0 2013-03-03 1
12.2 0 0 2013-03-03 1
12.3 1 0 2013-03-03 1
12.7 1 0 2013-03-03 1
2.4 0 0 2013-11-20 2
2.5 0 0 2013-11-20 2
2.6 1 0 2013-11-20 2
4.3 0 0 2013-11-20 2
4.4 1 0 2013-11-20 2
6.1 1 0 2013-11-20 2
