0.1 1 0 2011-09-18 1
0.4 4 0 2011-09-18 1
0.5 4 0 2011-09-18 1
0.6 0 0 2011-09-18 1
6.1 1 0 2011-09-18 1
6.5 0 0 2011-09-18 1
6.6 1 0 2011-09-18 1
8.1 6 0 2011-09-18 1
8.2 0 0 2011-09-18 1
8.3 2 0 2011-09-18 1
8.4 2 0 2011-09-18 1
8.5 4 0 2011-09-18 1
8.6 1 0 2011-09-18 1
12.2 1 0 2011-09-18 1
12.5 1 0 2011-09-18 1
10.4 4 0 2013-08-24 1
10.5 2 0 2013-08-24 1
10.6 1 0 2013-08-24 1
12.3 0 0 2013-08-24 1
12.4 1 0 2013-08-24 1
12.6 2 0 2013-08-24 1
14.1 1 0 2013-08-24 1
14.3 0 0 2013-08-24 1
14.4 1 0 2013-08-24 1
14.6 6 0 2013-08-24 1
