5.1 0 0 2010-12-26 1
5.2 2 0 2010-12-26 1
5.3 0 0 2010-12-26 1
5.4 4 0 2010-12-26 1
5.5 1 0 2010-12-26 1
7.3 0 0 2010-12-26 1
2.1 1 0 2010-12-28 2
2.5 1 0 2010-12-28 2
4.1 1 0 2010-12-28 2
4.4 4 0 2010-12-28 2
4.5 4 0 2010-12-28 2
4.6 1 0 2010-12-28 2
4.5 4 0 2010-12-30 1
4.6 0 0 2010-12-30 1
6.2 1 0 2010-12-30 1
6.4 6 0 2010-12-30 1
6.5 2 0 2010-12-30 1
6.6 1 0 2010-12-30 1
3.1 0 1 2012-09-23 1
3.2 0 0 2012-09-23 1
3.3 0 0 2012-09-23 1
3.4 4 0 2012-09-23 1
3.5 1 0 2012-09-23 1
5.1 0 0 2012-09-23 1
5.2 1 0 2012-09-23 1
