1.3 0 0 2007-12-16 1
1.4 0 0 2007-12-16 1
1.5 0 0 2007-12-16 1
1.6 0 0 2007-12-16 1
0.4 4 0 2008-01-18 2
0.5 4 0 2008-01-18 2
0.6 0 1 2008-01-18 2
0.7 1 0 2008-01-18 2
2.4 2 0 2008-01-18 2
2.5 0 1 2008-01-18 2
2.6 0 0 2008-01-18 2
2.7 1 0 2008-01-18 2
4.1 0 0 2008-01-18 2
4.2 0 0 2008-01-18 2
4.3 0 0 2008-01-18 2
4.4 1 0 2008-01-18 2
6.1 1 0 2008-01-18 2
6.4 4 0 2008-01-18 2
6.5 0 0 2008-01-18 2
6.6 4 0 2008-01-18 2
16.1 4 0 2009-06-13 1
16.2 0 0 2009-06-13 1
1.4 0 0 2010-05-20 1
1.5 0 0 2010-05-20 1
1.6 0 0 2010-05-20 1
3.5 1 0 2010-05-20 1
5.5 2 0 2010-05-20 1
5.6 0 2 2010-05-20 1
