6.2 0 0 2007-11-23 2
6.3 2 0 2007-11-23 2
6.4 0 0 2007-11-23 2
6.5 0 0 2007-11-23 2
6.6 4 0 2007-11-23 2
8.4 0 0 2007-11-23 2
8.5 1 0 2007-11-23 2
10.1 0 0 2007-11-23 2
10.2 1 0 2007-11-23 2
10.4 1 0 2007-11-23 2
10.6 1 0 2007-11-23 2
15.1 1 0 2007-11-23 2
15.3 0 0 2007-11-23 2
15.4 0 0 2007-11-23 2
15.5 2 0 2007-11-23 2
15.6 0 0 2007-11-23 2
8.1 0 0 2010-05-06 1
8.2 1 0 2010-05-06 1
8.5 2 0 2010-05-06 1
8.6 0 0 2010-05-06 1
10.3 1 0 2010-05-06 1
10.5 0 0 2010-05-06 1
10.6 1 0 2010-05-06 1
14.1 1 0 2010-05-06 1
14.6 0 0 2010-05-06 1
