8.2 0 0 2009-06-18 2
8.3 0 0 2009-06-18 2
7.1 0 0 2010-05-10 2
7.2 0 0 2010-05-10 2
7.3 1 0 2010-05-10 2
9.1 0 0 2010-05-10 2
9.2 1 0 2010-05-10 2
9.4 0 0 2010-05-10 2
9.5 0 0 2010-05-10 2
9.6 1 0 2010-05-10 2
11.1 3 0 2010-05-10 2
11.3 1 0 2010-05-10 2
11.5 1 0 2010-05-10 2
13.1 1 0 2010-05-10 2
13.3 2 0 2010-05-10 2
13.4 2 0 2010-05-10 2
13.5 1 0 2010-05-10 2
6.3 1 0 2010-10-27 2
6.5 0 0 2010-10-27 2
6.6 2 0 2010-10-27 2
8.1 1 0 2010-10-27 2
8.5 1 0 2010-10-27 2
10.3 0 0 2010-10-27 2
10.4 0 1 2010-10-27 2
10.6 1 0 2010-10-27 2
13.2 1 0 2012-09-28 1
13.4 1 0 2012-09-28 1
13.6 0 0 2012-09-28 1
15.1 0 0 2012-09-28 1
15.2 4 0 2012-09-28 1
15.3 1 0 2012-09-28 1
15.7 1 0 2012-09-28 1
9.6 1 0 2013-11-22 2
11.2 1 0 2013-11-22 2
11.4 0 0 2013-11-22 2
