16.3 0 4 2010-05-06 1
16.4 1 0 2010-05-06 1
16.6 1 0 2010-05-06 1
18.1 1 0 2010-05-06 1
5.1 0 1 2012-02-17 1
5.4 0 0 2012-02-17 1
5.5 1 0 2012-02-17 1
7.2 0 0 2012-02-17 1
7.3 1 0 2012-02-17 1
7.5 1 0 2012-02-17 1
5.1 0 0 2012-02-19 2
5.2 4 0 2012-02-19 2
5.3 1 0 2012-02-19 2
13.3 0 0 2012-02-19 2
13.4 0 1 2012-02-19 2
13.5 2 0 2012-02-19 2
13.6 4 0 2012-02-19 2
13.7 0 0 2012-02-19 2
15.1 0 0 2012-02-19 2
15.2 2 0 2012-02-19 2
15.3 1 0 2012-02-19 2
15.7 4 0 2012-02-19 2
6.2 0 0 2012-02-22 1
6.3 1 0 2012-02-22 1
6.5 0 0 2012-02-22 1
6.6 2 0 2012-02-22 1
