12.5 1 0 2009-06-09 1
14.1 4 0 2009-06-09 1
14.2 1 0 2009-06-09 1
14.4 1 0 2009-06-09 1
13.1 1 0 2010-05-06 1
13.4 1 0 2010-05-06 1
13.6 1 0 2010-05-06 1
15.2 6 0 2010-05-06 1
15.3 0 0 2010-05-06 1
15.4 1 0 2010-05-06 1
15.6 2 0 2010-05-06 1
4.3 0 0 2012-02-17 1
4.4 0 0 2012-02-17 1
4.5 0 0 2012-02-17 1
4.6 1 0 2012-02-17 1
6.1 1 0 2012-02-17 1
6.3 1 0 2012-02-17 1
6.5 1 0 2012-02-17 1
8.1 1 0 2012-02-22 1
8.4 1 0 2012-02-22 1
10.1 1 0 2012-02-22 1
10.4 4 0 2012-02-22 1
10.5 1 0 2012-02-22 1
6.2 1 0 2014-03-24 1
6.4 0 0 2014-03-24 1
7.2 1 0 2015-08-14 2
7.4 1 0 2015-08-14 2
7.6 2 0 2015-08-14 2
9.1 1 0 2015-08-14 2
9.4 4 0 2015-08-14 2
9.5 2 0 2015-08-14 2
9.6 1 0 2015-08-14 2
6.3 6 0 2015-08-16 2
6.4 0 0 2015-08-16 2
