1.2 0 0 2007-09-16 1
1.3 0 0 2007-09-16 1
1.4 4 0 2007-09-16 1
1.5 4 0 2007-09-16 1
1.6 2 0 2007-09-16 1
4.3 0 0 2007-09-16 1
4.4 4 0 2007-09-16 1
4.5 0 0 2007-09-16 1
4.6 4 0 2007-09-16 1
4.7 0 1 2007-09-16 1
15.2 0 0 2009-06-11 2
15.3 0 0 2009-06-11 2
15.4 0 0 2009-06-11 2
15.5 1 0 2009-06-11 2
1.5 0 1 2012-09-10 1
13.1 4 0 2014-03-29 1
13.2 1 0 2014-03-29 1
13.4 0 0 2014-03-29 1
13.5 2 0 2014-03-29 1
13.6 0 0 2014-03-29 1
16.2 2 0 2014-03-29 1
16.3 4 0 2014-03-29 1
16.4 1 0 2014-03-29 1
16.6 4 0 2014-03-29 1
