3.1 0 0 2013-08-23 2
3.2 4 0 2013-08-23 2
3.3 1 0 2013-08-23 2
7.1 4 0 2013-08-23 2
7.2 0 0 2013-08-23 2
7.3 1 0 2013-08-23 2
9.1 0 0 2013-08-23 2
9.2 3 0 2013-08-23 2
9.6 0 0 2013-08-23 2
4.1 4 0 2013-08-24 2
4.2 1 0 2013-08-24 2
0.5 0 0 2015-05-22 1
0.6 0 0 2015-05-22 1
2.2 0 0 2015-05-22 1
2.3 1 0 2015-05-22 1
0.1 0 0 2015-05-24 1
0.2 4 0 2015-05-24 1
0.3 0 0 2015-05-24 1
0.4 0 0 2015-05-24 1
0.5 3 0 2015-05-24 1
11.4 3 0 2015-05-24 1
11.7 1 0 2015-05-24 1
13.1 0 0 2015-05-24 1
13.2 1 0 2015-05-24 1
13.6 0 0 2015-05-24 1
