0.1 0 1 2011-09-16 2
0.2 4 0 2011-09-16 2
0.3 1 0 2011-09-16 2
0.9 1 0 2011-09-16 2
0.1 4 0 2011-09-18 2
0.2 0 0 2011-09-18 2
0.3 1 0 2011-09-18 2
0.5 0 0 2011-09-18 2
0.6 2 0 2011-09-18 2
2.1 0 0 2011-09-18 2
2.2 6 0 2011-09-18 2
2.3 0 0 2011-09-18 2
2.4 0 1 2011-09-18 2
2.5 0 0 2011-09-18 2
2.6 0 0 2011-09-18 2
2.7 1 0 2011-09-18 2
0.3 0 0 2013-08-23 2
0.4 2 0 2013-08-23 2
0.5 0 1 2013-08-23 2
0.6 0 0 2013-08-23 2
0.7 0 0 2013-08-23 2
2.1 2 0 2013-08-23 2
2.2 0 0 2013-08-23 2
2.3 0 0 2013-08-23 2
2.4 0 0 2013-08-23 2
2.5 1 0 2013-08-23 2
0.1 0 0 2013-08-24 2
0.2 2 0 2013-08-24 2
0.3 0 0 2013-08-24 2
0.4 0 4 2013-08-24 2
0.5 1 0 2013-08-24 2
2.2 0 1 2013-08-24 2
2.5 1 0 2013-08-24 2
