7.1 1 0 2009-02-15 1
7.4 1 0 2009-02-15 1
9.1 0 0 2009-02-15 1
9.2 0 0 2009-02-15 1
9.3 2 0 2009-02-15 1
9.4 1 0 2009-02-15 1
9.6 1 0 2009-02-15 1
11.1 0 0 2009-02-15 1
11.2 2 0 2009-02-15 1
11.3 1 0 2009-02-15 1
11.5 1 0 2009-02-15 1
17.1 2 0 2009-02-15 1
17.2 0 0 2009-02-15 1
5.1 0 0 2010-02-26 2
5.2 0 0 2010-02-26 2
5.3 0 0 2010-02-26 2
5.4 1 0 2010-02-26 2
5.6 2 0 2010-02-26 2
11.1 1 0 2010-02-26 2
11.5 1 0 2010-02-26 2
13.1 0 0 2010-02-26 2
13.2 0 0 2010-02-26 2
13.3 0 0 2010-02-26 2
13.4 1 0 2010-02-26 2
13.6 1 0 2010-02-26 2
