7.1 1 0 2010-05-16 1
7.3 1 0 2010-05-16 1
7.6 0 0 2010-05-16 1
9.1 1 0 2010-05-16 1
9.4 1 0 2010-05-16 1
11.1 0 0 2010-05-16 1
11.2 1 0 2010-05-16 1
11.5 0 0 2010-05-16 1
11.6 1 0 2010-05-16 1
13.1 0 0 2010-05-16 1
13.2 1 0 2010-05-16 1
11.1 0 0 2011-01-12 1
11.2 1 0 2011-01-12 1
11.4 0 0 2011-01-12 1
11.5 1 0 2011-01-12 1
13.1 0 0 2011-01-12 1
13.2 0 0 2011-01-12 1
13.3 0 0 2011-01-12 1
13.4 2 0 2011-01-12 1
13.5 2 0 2011-01-12 1
13.6 0 0 2011-01-12 1
15.2 1 0 2011-01-12 1
15.4 2 0 2011-01-12 1
15.5 1 0 2011-01-12 1
8.2 0 0 2011-01-14 1
8.3 0 0 2011-01-14 1
8.4 0 0 2011-01-14 1
8.5 1 0 2011-01-14 1
10.1 1 0 2011-01-14 1
