8.1 1 0 2010-02-05 1
8.3 1 0 2010-02-05 1
10.1 1 0 2010-02-05 1
10.4 1 0 2010-02-05 1
16.1 1 0 2010-02-05 1
16.4 4 0 2010-02-05 1
16.5 2 0 2010-02-05 1
16.6 1 0 2010-02-05 1
18.2 0 0 2010-02-05 1
18.3 1 0 2010-02-05 1
7.2 0 0 2010-07-05 2
7.3 1 0 2010-07-05 2
7.6 0 0 2010-07-05 2
9.1 1 0 2010-07-05 2
9.3 0 0 2010-07-05 2
9.4 1 0 2010-07-05 2
6.1 4 0 2010-07-06 2
6.2 1 0 2010-07-06 2
6.4 1 0 2010-07-06 2
8.1 0 0 2010-07-06 2
8.2 0 0 2010-07-06 2
8.3 1 0 2010-07-06 2
8.5 3 0 2010-07-06 2
15.3 1 0 2012-09-07 2
