7.3 0 0 2009-05-07 1
7.4 0 0 2009-05-07 1
7.5 0 0 2009-05-07 1
7.6 0 0 2009-05-07 1
9.1 2 0 2009-05-07 1
9.2 0 0 2009-05-07 1
9.3 0 0 2009-05-07 1
8.2 0 0 2010-05-02 1
8.3 0 0 2010-05-02 1
8.4 1 0 2010-05-02 1
10.2 1 0 2010-05-02 1
12.1 6 0 2010-05-02 1
12.2 1 0 2010-05-02 1
12.5 1 0 2010-05-02 1
10.1 1 0 2010-05-14 2
10.6 1 0 2010-05-14 2
6.1 1 0 2010-07-05 2
6.6 0 0 2010-07-05 2
8.5 0 0 2010-07-05 2
8.6 1 0 2010-07-05 2
10.1 1 0 2010-07-05 2
10.3 2 0 2010-07-05 2
10.4 0 0 2010-07-05 2
7.3 0 1 2010-07-06 2
9.3 2 0 2010-07-06 2
9.4 1 0 2010-07-06 2
11.1 1 0 2010-07-06 2
11.4 4 0 2010-07-06 2
11.5 1 0 2010-07-06 2
13.4 1 0 2010-07-06 2
