12.1 0 0 2009-01-11 1
12.2 6 0 2009-01-11 1
12.3 1 0 2009-01-11 1
12.5 4 0 2009-01-11 1
12.6 2 0 2009-01-11 1
6.1 0 0 2009-03-27 1
6.2 1 0 2009-03-27 1
8.3 1 0 2009-03-27 1
8.6 6 0 2009-03-27 1
10.4 0 0 2009-03-27 1
10.5 1 0 2009-03-27 1
13.1 1 0 2009-03-27 1
13.5 1 0 2009-03-27 1
8.1 1 0 2009-03-29 2
10.3 1 0 2009-03-29 2
10.2 1 0 2011-10-13 2
10.5 0 0 2011-10-13 2
10.6 0 0 2011-10-13 2
12.1 0 0 2011-10-13 2
12.2 0 0 2011-10-13 2
12.3 1 0 2011-10-13 2
12.5 2 0 2011-10-13 2
12.6 0 0 2011-10-13 2
8.1 4 0 2011-10-16 1
8.2 1 0 2011-10-16 1
10.1 1 0 2011-10-16 1
10.3 0 0 2011-10-16 1
