0.5 0 0 2007-09-22 1
0.6 0 0 2007-09-22 1
2.1 0 0 2007-09-22 1
2.2 0 0 2007-09-22 1
2.3 0 0 2007-09-22 1
2.4 1 0 2007-09-22 1
0.5 0 0 2007-10-20 2
0.6 1 0 2007-10-20 2
2.1 4 0 2007-10-20 2
2.2 0 0 2007-10-20 2
0.5 0 0 2008-02-01 1
0.6 0 0 2008-02-01 1
0.7 0 0 2008-02-01 1
0.2 0 0 2012-02-01 2
0.3 4 0 2012-02-01 2
0.4 0 0 2012-02-01 2
0.7 0 0 2012-02-03 2
2.1 4 0 2012-02-03 2
2.2 0 0 2012-02-03 2
2.3 1 0 2012-02-03 2
2.5 1 0 2012-02-03 2
4.2 0 0 2012-02-03 2
4.3 0 0 2012-02-03 2
4.4 1 0 2012-02-03 2
