5.1 0 0 2013-11-22 1
5.2 0 0 2013-11-22 1
5.3 4 0 2013-11-22 1
5.4 0 0 2013-11-22 1
5.5 4 0 2013-11-22 1
5.6 4 0 2013-11-22 1
9.1 1 0 2013-11-22 1
9.6 1 0 2013-11-22 1
13.1 1 0 2013-11-22 1
13.3 1 0 2013-11-22 1
15.1 1 0 2013-11-22 1
15.4 1 0 2013-11-22 1
15.6 1 0 2013-11-22 1
5.1 4 0 2013-11-28 1
5.2 0 0 2013-11-28 1
5.3 4 0 2013-11-28 1
5.4 1 0 2013-11-28 1
7.1 1 0 2013-11-28 1
7.6 1 0 2013-11-28 1
14.3 1 0 2013-11-28 1
16.1 0 0 2013-11-28 1
16.2 4 0 2013-11-28 1
16.3 2 0 2013-11-28 1
16.4 0 0 2013-11-28 1
16.5 2 0 2013-11-28 1
16.6 1 0 2013-11-28 1
