16.1 3 0 2007-09-17 1
16.3 1 0 2007-09-17 1
16.5 2 0 2007-09-17 1
16.6 4 0 2007-09-17 1
18.1 1 0 2007-09-17 1
18.3 4 0 2007-09-17 1
18.4 0 0 2007-09-17 1
10.2 1 0 2009-06-21 2
10.4 0 0 2009-06-21 2
10.5 0 0 2009-06-21 2
10.6 1 0 2009-06-21 2
15.1 1 0 2009-06-21 2
15.4 0 0 2009-06-21 2
15.5 0 0 2009-06-21 2
15.6 1 0 2009-06-21 2
18.1 1 0 2009-06-21 2
18.4 0 1 2009-06-21 2
3.6 0 0 2009-08-12 1
5.5 0 0 2009-08-12 1
5.6 0 0 2009-08-12 1
15.1 1 0 2009-08-12 1
15.4 0 1 2009-08-12 1
15.5 4 0 2009-08-12 1
15.6 6 0 2009-08-12 1
15.7 1 0 2009-08-12 1
14.6 1 0 2011-11-25 2
17.1 0 1 2011-11-25 2
17.2 1 0 2011-11-25 2
17.6 1 0 2011-11-25 2
12.6 1 0 2012-06-01 2
14.2 0 0 2013-12-11 2
14.3 0 0 2013-12-11 2
14.4 2 0 2013-12-11 2
14.5 4 0 2013-12-11 2
14.6 1 0 2013-12-11 2
16.3 1 0 2013-12-11 2
16.5 1 0 2013-12-11 2
18.1 1 0 2013-12-11 2
18.4 1 0 2013-12-11 2
18.6 1 0 2013-12-11 2
12.1 1 0 2013-12-13 2
12.3 1 0 2013-12-13 2
12.5 1 0 2013-12-13 2
10.1 2 0 2015-08-01 2
10.2 6 0 2015-08-01 2
10.3 1 0 2015-08-01 2
10.5 1 0 2015-08-01 2
12.2 2 0 2015-08-01 2
12.3 2 0 2015-08-01 2
12.4 1 0 2015-08-01 2
