4.1 4 0 2009-06-08 2
4.2 0 0 2009-06-08 2
4.3 4 0 2009-06-08 2
4.4 4 0 2009-06-08 2
4.5 0 0 2009-06-08 2
4.6 4 0 2009-06-08 2
7.1 1 0 2009-06-08 2
7.3 2 0 2009-06-08 2
7.4 4 0 2009-06-08 2
7.5 0 0 2009-06-08 2
7.6 0 0 2009-06-08 2
5.1 4 0 2010-05-09 2
5.2 6 0 2010-05-09 2
5.3 0 0 2010-05-09 2
5.4 1 0 2010-05-09 2
10.1 0 1 2011-08-06 1
10.3 0 0 2011-08-06 1
10.4 0 0 2011-08-06 1
10.5 1 0 2011-08-06 1
12.1 0 0 2011-08-06 1
12.2 1 0 2011-08-06 1
12.5 1 0 2011-08-06 1
14.1 4 0 2011-08-06 1
14.2 1 0 2011-08-06 1
17.1 6 0 2011-08-06 1
17.2 4 0 2011-08-06 1
17.3 1 0 2011-08-06 1
17.5 4 0 2011-08-06 1
17.6 6 0 2011-08-06 1
