2.1 0 0 2009-06-16 1
2.2 0 0 2009-06-16 1
2.3 1 0 2009-06-16 1
5.2 1 0 2009-09-02 2
5.3 0 0 2010-04-30 1
5.4 0 0 2010-04-30 1
3.1 0 0 2010-05-23 2
3.2 0 0 2010-05-23 2
3.3 0 0 2010-05-23 2
3.4 0 0 2010-05-23 2
3.5 1 0 2010-05-23 2
5.1 0 1 2010-05-23 2
5.4 0 0 2010-05-23 2
5.5 0 0 2010-05-23 2
5.6 1 0 2010-05-23 2
5.2 1 0 2012-09-27 2
5.5 1 0 2012-09-27 2
7.3 0 0 2012-09-27 2
7.4 4 0 2012-09-27 2
7.5 1 0 2012-09-27 2
9.1 1 0 2012-09-27 2
9.3 1 0 2012-09-27 2
1.2 0 0 2012-10-30 2
1.3 0 0 2012-10-30 2
1.4 0 0 2012-10-30 2
1.5 1 0 2012-10-30 2
