16.1 0 0 2007-09-17 2
16.2 1 0 2007-09-17 2
16.3 0 1 2007-09-17 2
16.4 1 0 2007-09-17 2
0.1 0 1 2009-06-12 1
0.2 0 1 2009-06-12 1
0.3 0 0 2009-06-12 1
0.4 0 1 2009-06-12 1
0.5 0 1 2009-06-12 1
0.6 4 0 2009-06-12 1
0.7 1 0 2009-06-12 1
2.1 0 0 2009-06-12 1
2.2 4 0 2009-06-12 1
2.3 0 0 2009-06-12 1
2.4 0 1 2009-06-12 1
2.5 0 2 2009-06-12 1
2.8 1 0 2009-06-12 1
1.1 0 1 2011-11-25 1
1.2 0 1 2011-11-25 1
1.3 4 0 2011-11-25 1
1.4 4 0 2011-11-25 1
1.5 2 0 2011-11-25 1
1.6 2 0 2011-11-25 1
1.7 0 0 2011-11-25 1
1.8 0 0 2011-11-25 1
4.1 2 0 2011-11-25 1
4.2 0 5 2011-11-25 1
4.3 0 1 2011-11-25 1
4.4 1 0 2011-11-25 1
4.7 1 0 2011-11-25 1
0.4 0 0 2012-06-01 1
0.5 0 0 2012-06-01 1
0.6 1 0 2012-06-01 1
2.1 0 0 2012-06-01 1
2.2 0 0 2012-06-01 1
2.3 0 0 2012-06-01 1
0.2 0 1 2012-06-03 2
2.3 0 0 2012-06-03 2
2.4 0 0 2012-06-03 2
2.5 0 0 2012-06-03 2
2.6 0 0 2012-06-03 2
0.5 0 0 2012-10-04 1
0.6 0 0 2012-10-04 1
2.4 0 0 2012-10-04 1
2.5 0 0 2012-10-04 1
2.6 1 0 2012-10-04 1
4.3 0 0 2012-10-04 1
4.4 0 1 2012-10-04 1
4.5 0 0 2012-10-04 1
4.6 0 0 2012-10-04 1
4.7 2 0 2012-10-04 1
1.1 0 0 2013-12-11 1
1.2 0 0 2013-12-11 1
1.3 4 0 2013-12-11 1
1.4 1 0 2013-12-11 1
1.6 0 0 2013-12-11 1
1.1 1 0 2013-12-13 1
1.6 1 0 2013-12-13 1
3.4 1 0 2013-12-13 1
1.1 0 0 2015-07-30 2
1.2 1 0 2015-07-30 2
1.4 4 0 2015-07-30 2
1.5 0 0 2015-07-30 2
