11.1 1 0 2007-09-17 2
11.4 1 0 2007-09-17 2
11.6 6 0 2007-09-17 2
11.7 1 0 2007-09-17 2
18.2 6 0 2007-09-17 2
18.3 6 0 2007-09-17 2
18.4 0 1 2007-09-17 2
18.5 6 0 2007-09-17 2
18.6 0 0 2007-09-17 2
12.1 1 0 2012-10-04 1
12.7 1 0 2012-10-04 1
14.2 1 0 2012-10-04 1
0.1 1 0 2013-12-11 1
0.5 0 0 2013-12-11 1
0.6 1 0 2013-12-11 1
6.3 1 0 2013-12-13 1
6.5 0 0 2013-12-13 1
6.6 0 0 2013-12-13 1
8.1 1 0 2013-12-13 1
8.3 1 0 2013-12-13 1
8.6 4 0 2013-12-13 1
10.2 1 0 2013-12-13 1
10.5 2 0 2013-12-13 1
10.6 1 0 2013-12-13 1
