7.4 2 0 2009-06-16 1
7.5 1 0 2009-06-16 1
7.7 2 0 2009-06-16 1
7.8 1 0 2009-06-16 1
11.1 1 0 2009-06-16 1
11.3 0 0 2009-06-16 1
6.1 0 0 2009-09-02 2
6.2 1 0 2009-09-02 2
6.4 1 0 2009-09-02 2
7.2 2 0 2010-05-23 2
7.3 1 0 2010-05-23 2
7.5 1 0 2010-05-23 2
9.1 0 0 2010-05-23 2
9.2 1 0 2010-05-23 2
9.4 0 0 2010-05-23 2
9.5 1 0 2010-05-23 2
6.1 1 0 2012-09-27 2
6.4 0 0 2012-09-27 2
6.5 1 0 2012-09-27 2
8.1 1 0 2012-09-27 2
8.4 1 0 2012-09-27 2
10.1 1 0 2012-09-27 2
10.3 2 0 2012-09-27 2
10.4 1 0 2012-09-27 2
15.1 0 0 2012-09-27 2
15.2 1 0 2012-09-27 2
15.4 1 0 2012-09-27 2
15.6 0 0 2012-09-27 2
