0.1 2 0 2009-06-16 1
0.2 1 0 2009-06-16 1
0.5 1 0 2009-06-16 1
6.4 1 0 2009-06-16 1
8.1 1 0 2009-06-16 1
8.4 1 0 2009-06-16 1
8.6 1 0 2009-06-16 1
10.1 0 0 2009-06-16 1
10.2 1 0 2009-06-16 1
10.5 2 0 2009-06-16 1
10.6 1 0 2009-06-16 1
0.2 0 1 2010-04-30 1
0.3 0 0 2010-04-30 1
0.4 0 0 2010-04-30 1
0.5 0 0 2010-04-30 1
0.6 0 0 2010-04-30 1
0.7 0 0 2010-04-30 1
2.1 0 0 2010-04-30 1
2.2 0 0 2010-04-30 1
2.3 1 0 2010-04-30 1
2.6 0 0 2010-04-30 1
6.1 2 0 2010-05-23 2
6.2 0 0 2010-05-23 2
6.3 0 0 2010-05-23 2
6.4 0 0 2010-05-23 2
6.5 1 0 2010-05-23 2
10.1 4 0 2010-05-23 2
10.2 1 0 2010-05-23 2
10.6 1 0 2010-05-23 2
12.3 1 0 2010-05-23 2
12.6 1 0 2010-05-23 2
14.1 0 0 2010-05-23 2
14.2 1 0 2010-05-23 2
0.2 4 0 2012-09-27 2
0.3 6 0 2012-09-27 2
0.4 0 0 2012-09-27 2
0.5 2 0 2012-09-27 2
0.6 4 0 2012-09-27 2
11.1 0 0 2012-09-27 2
11.2 1 0 2012-09-27 2
11.4 0 1 2012-09-27 2
11.6 1 0 2012-09-27 2
13.2 1 0 2012-09-27 2
13.4 1 0 2012-09-27 2
4.1 0 0 2013-11-21 2
4.2 1 0 2013-11-21 2
4.4 0 0 2013-11-21 2
4.5 4 0 2013-11-21 2
4.6 0 0 2013-11-21 2
7.2 1 0 2013-11-21 2
7.4 1 0 2013-11-21 2
7.6 1 0 2013-11-21 2
11.2 4 0 2013-11-21 2
11.3 1 0 2013-11-21 2
11.6 1 0 2013-11-21 2
