1.1 0 0 2009-02-10 1
1.2 0 0 2009-02-10 1
1.3 0 4 2009-02-10 1
1.4 0 1 2009-02-10 1
1.7 0 1 2009-02-10 1
3.1 1 0 2009-02-10 1
16.1 0 1 2009-02-10 1
16.2 1 0 2009-02-10 1
16.4 4 0 2009-02-10 1
16.5 4 0 2009-02-10 1
16.6 6 0 2009-02-10 1
16.7 0 0 2009-02-10 1
1.1 0 0 2009-12-09 1
1.2 0 0 2009-12-09 1
1.3 1 0 2009-12-09 1
3.4 0 0 2009-12-09 1
3.5 0 1 2009-12-09 1
5.1 0 0 2009-12-09 1
5.2 4 0 2009-12-09 1
5.3 0 0 2009-12-09 1
5.4 0 0 2009-12-09 1
5.5 0 0 2009-12-09 1
5.6 0 0 2009-12-09 1
1.1 0 0 2009-12-12 1
1.2 0 0 2009-12-12 1
