1.1 0 0 2009-06-16 1
1.2 0 0 2009-06-16 1
1.3 1 0 2009-06-16 1
3.2 4 0 2009-06-16 1
3.3 0 0 2009-06-16 1
3.4 1 0 2009-06-16 1
3.6 2 0 2009-06-16 1
5.1 4 0 2009-06-16 1
5.2 0 0 2009-06-16 1
5.3 4 0 2009-06-16 1
5.4 0 0 2009-06-16 1
5.5 0 0 2009-06-16 1
5.6 4 0 2009-06-16 1
1.2 4 0 2009-09-02 2
1.3 1 0 2009-09-02 2
1.6 2 0 2009-09-02 2
3.1 6 0 2009-09-02 2
3.2 2 0 2009-09-02 2
3.3 6 0 2009-09-02 2
3.4 1 0 2009-09-02 2
2.4 0 0 2010-05-22 2
2.5 1 0 2010-05-22 2
4.1 0 0 2010-05-22 2
0.2 0 0 2010-05-23 2
0.3 0 0 2010-05-23 2
0.4 0 0 2010-05-23 2
0.5 0 0 2010-05-23 2
0.6 0 0 2010-05-23 2
4.1 1 0 2010-05-23 2
4.3 0 0 2010-05-23 2
4.4 0 0 2010-05-23 2
4.5 1 0 2010-05-23 2
1.4 1 0 2012-09-27 2
1.6 0 0 2012-09-27 2
3.6 1 0 2012-09-27 2
0.2 1 0 2012-10-30 2
0.4 0 0 2012-10-30 2
0.5 0 0 2012-10-30 2
0.6 0 0 2012-10-30 2
0.4 0 0 2013-11-21 2
0.5 0 0 2013-11-21 2
0.6 0 0 2013-11-21 2
0.7 4 0 2013-11-21 2
12.1 0 0 2013-11-21 2
12.2 0 0 2013-11-21 2
12.3 1 0 2013-11-21 2
12.6 2 0 2013-11-21 2
0.2 1 0 2014-03-31 1
2.1 4 0 2014-03-31 1
2.2 0 0 2014-03-31 1
2.3 0 0 2014-03-31 1
2.4 1 0 2014-03-31 1
2.6 0 1 2014-03-31 1
