13.4 1 0 2007-09-17 2
15.1 1 0 2007-09-17 2
15.3 0 0 2007-09-17 2
15.4 0 0 2007-09-17 2
15.5 0 0 2007-09-17 2
15.6 1 0 2007-09-17 2
17.2 1 0 2007-09-17 2
17.4 0 0 2007-09-17 2
17.5 1 0 2007-09-17 2
16.5 0 0 2008-10-11 1
16.3 0 1 2008-10-13 2
16.4 0 1 2008-10-13 2
18.1 0 0 2008-10-13 2
18.2 1 0 2008-10-13 2
18.4 1 0 2008-10-13 2
4.2 0 0 2009-06-12 1
4.3 1 0 2009-06-12 1
4.6 4 0 2009-06-12 1
4.7 4 0 2009-06-12 1
1.1 3 0 2012-06-01 1
1.4 0 1 2012-06-01 1
1.5 1 0 2012-06-01 1
17.1 0 0 2012-10-04 1
17.2 1 0 2012-10-04 1
17.6 0 0 2012-10-04 1
