10.3 0 0 2007-09-17 2
10.4 0 0 2007-09-17 2
10.5 1 0 2007-09-17 2
12.1 1 0 2007-09-17 2
14.1 0 0 2007-09-17 2
14.2 1 0 2007-09-17 2
14.6 0 0 2007-09-17 2
14.7 1 0 2007-09-17 2
6.1 0 0 2009-06-12 1
6.2 1 0 2009-06-12 1
6.4 4 0 2009-06-12 1
6.5 1 0 2009-06-12 1
8.1 0 0 2009-06-12 1
8.2 0 0 2009-06-12 1
8.3 1 0 2009-06-12 1
10.2 1 0 2009-06-12 1
10.4 0 0 2009-06-12 1
10.5 0 0 2009-06-12 1
7.4 0 0 2012-06-03 2
7.5 0 0 2012-06-03 2
6.1 1 0 2012-10-04 1
6.6 0 0 2012-10-04 1
8.1 2 0 2012-10-04 1
8.2 1 0 2012-10-04 1
8.6 1 0 2012-10-04 1
10.1 1 0 2012-10-04 1
10.5 0 0 2012-10-04 1
10.6 0 0 2012-10-04 1
13.1 1 0 2012-10-04 1
13.3 4 0 2012-10-04 1
13.4 0 0 2012-10-04 1
13.5 0 0 2012-10-04 1
13.6 2 0 2012-10-04 1
7.2 1 0 2013-12-13 1
7.4 0 0 2013-12-13 1
7.5 4 0 2013-12-13 1
7.6 1 0 2013-12-13 1
9.2 1 0 2013-12-13 1
