0.1 0 0 2009-06-15 1
0.2 1 0 2009-06-15 1
2.1 0 0 2009-06-15 1
2.2 0 0 2009-06-15 1
2.3 4 0 2009-06-15 1
2.4 0 0 2009-06-15 1
2.5 1 0 2009-06-15 1
12.1 1 0 2009-06-15 1
12.3 1 0 2009-06-15 1
12.5 2 0 2009-06-15 1
12.6 1 0 2009-06-15 1
14.1 0 0 2009-06-15 1
14.2 0 0 2009-06-15 1
14.3 1 0 2009-06-15 1
14.5 2 0 2009-06-15 1
14.6 0 0 2009-06-15 1
9.1 0 1 2012-06-24 2
9.4 1 0 2012-06-24 2
11.2 2 0 2012-06-24 2
11.3 1 0 2012-06-24 2
11.6 0 0 2012-06-24 2
13.1 1 0 2012-06-24 2
13.5 1 0 2012-06-24 2
10.2 2 0 2014-03-09 2
10.3 1 0 2014-03-09 2
10.5 6 0 2014-03-09 2
10.6 1 0 2014-03-09 2
