10.3 0 0 2010-02-09 1
10.4 1 0 2010-02-09 1
9.3 0 0 2010-02-13 2
9.4 4 0 2010-02-13 2
9.5 2 0 2010-02-13 2
9.6 1 0 2010-02-13 2
11.1 0 0 2010-02-13 2
11.2 1 0 2010-02-13 2
13.1 0 0 2010-02-13 2
13.2 0 0 2010-02-13 2
13.3 0 1 2010-02-13 2
13.5 2 0 2010-02-13 2
13.6 2 0 2010-02-13 2
15.1 0 0 2010-02-13 2
15.2 0 1 2010-02-13 2
15.3 2 0 2010-02-13 2
15.4 1 0 2010-02-13 2
15.6 0 1 2010-02-13 2
15.7 1 0 2010-02-13 2
7.1 1 0 2012-03-24 1
7.3 4 0 2012-03-24 1
7.4 0 0 2012-03-24 1
7.5 1 0 2012-03-24 1
9.1 1 0 2012-03-24 1
9.3 0 0 2012-03-24 1
9.4 1 0 2012-03-24 1
9.6 1 0 2012-03-24 1
15.1 1 0 2012-03-24 1
15.3 6 0 2012-03-24 1
15.4 4 0 2012-03-24 1
15.5 1 0 2012-03-24 1
3.4 0 0 2013-11-30 2
3.5 0 0 2013-11-30 2
3.6 4 0 2013-11-30 2
5.2 0 0 2013-11-30 2
