6.2 1 0 2011-11-25 1
6.4 1 0 2011-11-25 1
6.6 1 0 2011-11-25 1
8.1 0 1 2011-11-25 1
8.2 1 0 2011-11-25 1
8.4 1 0 2011-11-25 1
8.6 1 0 2011-11-25 1
10.1 1 0 2011-11-25 1
10.4 1 0 2011-11-25 1
12.2 1 0 2011-11-25 1
12.4 0 1 2011-11-25 1
7.6 2 0 2012-06-03 2
9.1 0 0 2012-06-03 2
9.2 0 0 2012-06-03 2
9.3 0 0 2012-06-03 2
9.4 2 0 2012-06-03 2
9.5 0 0 2012-06-03 2
9.6 3 0 2012-06-03 2
11.1 1 0 2012-06-03 2
13.4 0 0 2012-06-03 2
13.5 0 0 2012-06-03 2
13.6 0 0 2012-06-03 2
7.1 0 1 2013-12-11 1
7.2 0 0 2013-12-11 1
7.3 1 0 2013-12-11 1
7.5 0 0 2013-12-11 1
7.6 1 0 2013-12-11 1
9.1 0 0 2013-12-11 1
