3.1 0 0 2013-03-15 2
3.2 0 0 2013-03-15 2
3.3 0 0 2013-03-15 2
3.4 1 0 2013-03-15 2
3.6 1 0 2013-03-15 2
5.1 0 0 2013-03-15 2
5.2 0 0 2013-03-15 2
5.3 0 1 2013-03-15 2
5.4 0 0 2013-03-15 2
5.5 1 0 2013-03-15 2
11.1 0 0 2013-03-15 2
11.2 1 0 2013-03-15 2
1.1 1 0 2013-03-16 2
3.1 0 0 2013-03-16 2
3.2 1 0 2013-03-16 2
3.4 0 0 2013-03-16 2
3.5 1 0 2013-03-16 2
5.2 4 0 2013-03-16 2
5.3 0 0 2013-03-16 2
5.4 1 0 2013-03-16 2
5.6 1 0 2013-03-16 2
12.3 0 0 2015-07-10 1
12.4 1 0 2015-07-10 1
14.1 0 0 2015-07-10 1
14.2 1 0 2015-07-10 1
14.4 0 0 2015-07-10 1
14.5 4 0 2015-07-10 1
14.6 1 0 2015-07-10 1
